781.7,217,1373.1,31.6,240.2,1024.8,4.7,46.5,532.4,11.9,313.2,623.6,3535.6,5395.2,0.6,1348.3,8609.2,9275.9,9636.9,41125,8.1836e+05,1.5316e+05,1.2169e+05,64766,141.3,8605.9,6638,2426.1,3807.1,11.9,7.8,978.6,5448.9,2611.4,4002.2,5.6,6312.7,5.5,44.8,1.1531e+07,7.7807e+05,24213,32.9,201.4,19.8,2480.4,4.576e+05,6.0529e+06,4671.1,2.3474e+05,1.0694e+07,1192.7,14.6,63950,58.8,142.1,27491,17.2,81.3,414.7,366.9,215.6,3.6,2.9,8068.3,71.3,117,14.2,32118,4234.4,0
41.1,47,2664.4,6.7,197.6,1163.1,13.4,374.5,777.2,5.6,334.2,1995.8,6456.6,18292,16,6027.3,10479,31242,5356,76612,1.2573e+06,1.9108e+05,1.1985e+05,52290,68,18821,9525.2,5082.5,9790.6,250.3,30.5,1811.8,3241.9,1852.3,11451,8.9,1138.8,17.8,168.8,4.1403e+06,8.2156e+05,4124.1,77,251.7,24,5499.6,3.8047e+06,5.2028e+06,6765.3,1.9296e+05,2.1997e+07,1988,14.8,1.48e+05,60.2,185.4,26895,17.9,72.1,512.2,14400,166.5,2.9,3.1,5928.3,82.5,34.9,3.6,24931,2091.6,0
34.1,406.5,1512.3,2,242.3,1871.2,5.2,10.8,303.7,4.8,271.3,3270.4,3660.7,24433,25.4,4382.8,8970.9,7411,4084.5,84848,1.875e+06,2.1046e+05,54392,1.2785e+05,93.9,52449,13353,1407.8,9399.5,237.1,17.7,8015,6016.6,3213.6,8693.3,6.5,22382,5.9,23.3,2.5494e+07,8.7208e+05,36246,82,225,19,78.3,4.7896e+05,5.7417e+06,3490.4,4.3256e+05,2.459e+07,907.8,40.1,2.0775e+05,38.4,74.4,38496,13.3,25.7,566.8,18352,225.1,41.3,17.4,10040,115.8,26.8,34,85366,4280.6,0
30.1,176.7,1573.6,21.2,417,1774,2.5,119.2,332.2,7.6,289,2048.8,5194.9,17008,1.4,3519.8,12950,6797.4,19874,38318,1.0643e+06,1.3523e+05,54394,45778,61.1,85357,79724,69.2,5911.5,652.3,12.4,3329.8,5953.4,2492.2,746.6,6.5,4124.2,32.6,148.8,6.6206e+06,5.771e+05,21538,32.9,185.3,20.5,1087.6,2.1136e+05,4.4144e+06,6725.2,1.5311e+05,2.4562e+07,1150.8,49.9,89774,58.8,0.7,23508,12.5,37.6,414.7,21314,44.3,2.9,1.7,7635.2,35.1,130.8,11.7,34549,2998.1,0
19.8,292.9,1146.5,15.9,344.4,1477.2,4.9,33.1,169.1,9,302.6,3505.5,5135.5,25501,21.7,4602.2,11512,6522.2,3387.4,44049,1.2273e+06,1.6525e+05,4.9974e+05,1.021e+05,724.1,26701,9638,1916,5582.8,328.4,4.5,3390.1,4353.6,2112.1,9422,8,19002,6,45.8,9.4247e+06,9.9829e+05,18434,99.6,341.9,22.2,5740.6,1.0007e+06,6.4886e+06,6219.3,4.691e+05,1.2781e+07,822.8,150,1.1936e+05,20,1.1,52869,5.7,13.5,562.6,52516,227.5,12.2,3.1,9150.5,90.1,8.4,11.3,77563,4040.8,0
49.4,261,1989.8,8.6,367,1548.5,3.1,74.8,1039,6,312.8,2449.1,3447,18303,57.8,1512.9,9186,11801,7813.9,54643,1.0237e+06,1.3186e+05,59786,89129,147.2,14097,6832.4,1348.5,4787,6.8,24.4,9897.7,3059.6,1671,3694.7,7.6,4325.2,15.9,43.5,1.3506e+07,6.1444e+05,30007,74.6,229.2,23,3690.1,7.733e+05,5.4686e+06,4632.5,1.59e+05,4.8167e+06,1014.7,34.1,39632,75.1,3.1,28736,56.9,138,414.4,12695,50.4,1.6,1.9,7487,55,43.4,3.8,47529,3162.3,0
2067.9,3907.5,9243.9,5.9,816.7,5929.6,14.6,56.8,6774.2,12.2,914.7,3411.8,7578.5,17582,610.7,9274.1,43695,36228,15316,71948,1.2772e+06,1.9103e+05,99605,70392,794.5,24265,18999,4810.5,11219,29.5,122.4,5.0495e+05,1957,7689.4,5074,6.8,31958,181,48.7,4.4072e+06,9.9476e+05,8165.6,119.2,443.7,33.7,8156,8.8896e+05,4.5279e+06,7011.1,2.5495e+05,9.2369e+06,1431,30.3,98668,105.7,1563,24925,797.9,1221.1,628.4,1.5897e+05,73.1,3.1,2.3,5991.9,101.3,38.1,20.1,67589,3494.4,1
49.4,202.5,1382.5,6.5,319.3,1297,2.6,146.5,480.8,6.3,334.2,2121.1,3399.4,14250,4.4,4334,13209,13310,7665.4,41616,1.6493e+06,1.2271e+05,2.3463e+05,49980,307.9,7258.3,2192.9,904.7,8747.1,201.2,30.5,2846,1844.5,3289.4,7201.7,8.9,3551.7,22.5,42.6,1.0127e+07,7.8835e+05,24532,69.7,274.5,24,11902,8.2608e+05,5.3213e+06,7789.6,2.477e+05,1.3918e+07,843.1,57.5,1.4518e+05,83.5,1.4,17537,41.7,117.1,512.2,12100,58.4,3.3,3.3,7868,14.5,114.3,5.2,75634,3755.3,0
40.3,421.1,2045.9,18.6,207,1312,5.2,60.8,495.7,14.4,434.2,1698.8,6704.7,19224,26.7,3311.7,9544.8,6052.6,34956,52601,9.5038e+05,1.4629e+05,2.4171e+05,40328,549,1.1964e+05,29644,3947.6,10900,5538,13.2,4166.8,1801.1,2623.7,18535,6.5,51968,22.2,68.9,7.0404e+06,6.8783e+05,31233,78,225,20.5,3230.6,1.1147e+06,4.7367e+06,6883.1,3.1841e+05,1.4589e+07,1940.7,93.9,2.4413e+05,68.3,112.8,28712,25.6,25.7,675,6887.8,164.2,23.7,60.4,5760.2,187.1,24.6,25.5,57391,2531.9,0
25.2,143.4,1264.5,1.5,336.7,1542.2,4.7,70.4,238.2,5.2,337.2,2707.7,6665.1,17928,9.6,7648.3,10390,8613.4,15229,18240,1.2096e+06,1.401e+05,1.0235e+05,63815,15.9,5136.7,10587,4456,11474,57.3,7.8,1605.8,2292.9,1934.9,4896.6,7.7,3077.7,5,19.2,5.0988e+06,6.6069e+05,11652,22.7,201.4,20.5,7123.9,3.3834e+05,6.1533e+06,8423.7,2.2221e+05,1.6032e+07,1540.6,20.7,1.6621e+05,25.2,2.3,26827,7.4,17.1,485.5,7181.5,90.8,23.5,34.7,11874,157.9,142.3,22.6,71777,5883.2,0
995.7,158.4,2593.2,20.3,171.4,892.3,5,64.8,932.3,22.4,439.7,2370.6,3103.1,13810,18.9,2874.8,9319.1,6638.9,18814,56729,1.0134e+06,1.4562e+05,72633,47022,103.2,21412,5274.9,2369.9,12533,2674.5,7.8,5589.8,3756,3911.6,4180.7,6.6,2805.4,1.5,33.5,1.1308e+06,7.5736e+05,4420.5,69.7,229.2,18.5,3271.1,6.3653e+07,3.565e+06,9920.8,2.5954e+05,1.6686e+07,883.6,264.3,1.3835e+05,91.9,80.9,9808.7,29.8,96,392.1,26776,32.8,1.2,1,6476.7,70.9,188.6,12.5,76283,3112.5,0
35.5,151.8,1820.9,19.4,124.9,500.4,0.8,49.7,396.5,8.9,539.6,2721.2,4705.1,14042,1,3850.3,6385.1,10780,30516,26443,8.0982e+05,1.562e+05,2.6929e+05,45286,321.5,13182,10743,361,28244,2590.3,51.7,4027.7,860.7,3013.4,16194,6.5,3859.6,19.3,52.7,8.4912e+06,4.7804e+05,33884,49.1,201.4,23.4,4914,5.7404e+05,2.7958e+06,5357.5,2.9857e+05,3.8421e+07,1099.8,94.4,97087,48.1,1.7,31238,19.7,42.9,449.1,12186,122,3,1.5,2873.5,136.1,74.2,7.9,82287,831.5,1
1640.2,249.7,1601.9,11.3,212.4,787.9,6,60.6,274.8,7.7,323.2,2122.7,6439.3,17292,14.4,3448.9,10480,4802.3,6416.9,32931,7.9262e+05,1.1481e+05,79693,29292,121.8,40568,28306,2921,4446.8,1197.2,5.6,2361.8,1440.4,1199.5,8377.6,6.8,69448,9.2,70,4.8459e+06,6.8481e+05,13918,85.8,317.6,26,1699.4,6.6672e+05,4.7265e+06,4828.8,1.2611e+05,8.5985e+06,1499.5,10.5,1.8407e+05,32.8,76,23596,12.2,19.9,504.3,1543.1,49.6,3.1,2.5,5035,104.8,164,12.2,49958,2922.2,0
28.6,388.1,3259.2,14,265.6,1671.5,3.5,204.2,501.5,17.4,312.6,1944.8,8443.9,7037.8,6.8,7070.8,8759.3,5356.6,5237,1.0143e+05,2.2295e+06,1.3864e+05,45750,1.028e+05,225.9,2.3146e+05,44633,1610.9,30837,2343.9,32.2,4878.3,8438.8,6193.6,3820.6,7.5,61456,7.3,39.5,9.4233e+06,8.0364e+05,45130,70.1,225,20.5,4037.1,1.0872e+06,5.0755e+06,6030.1,2.5245e+05,2.1082e+07,1298.9,80.3,1.7613e+05,42.2,0.9,30433,11.1,18.7,477.7,2819.2,338.6,31.8,46.1,10485,306.7,3.6,46.1,67394,4944.9,0
34.3,416.7,2628.9,50.5,482.2,2868,4.8,591,317.6,17.4,334.2,2328.8,6492.2,16390,1.5,2222,4752.8,24742,23263,1.076e+05,1.7412e+06,2.9606e+05,3.3133e+05,91286,58.8,4054.3,3056.1,3705.1,7751.9,58,144.8,5248.2,2611.1,4786.9,14017,8.9,12564,77.5,627.9,1.853e+07,7.4426e+05,29696,55.4,229.2,24,4991.2,2.6435e+06,6.516e+06,11561,4.1474e+05,8.025e+06,1882.5,83.1,47630,37.3,120.3,40122,13.7,43,512.2,23052,86,2.9,3.3,8843.6,93,4.1,28.1,52862,3681,0
40.3,194.8,1366.8,0.3,97.2,773.4,2.7,39.6,158.5,2.7,271.3,2161.6,2225,17696,4.9,1686.7,10086,6348.3,2954.9,75937,8.8347e+05,2.2248e+05,1.4016e+05,48240,606.6,1.1194e+05,34963,1298.9,6268.7,5895.4,8.1,2750.4,1432.6,2449.7,7710.9,7.5,19353,3.9,32.2,1.5331e+06,6.4165e+05,1616.1,70.1,225,17.5,75.8,1.8491e+06,5.0303e+06,3163.6,3.046e+05,1.511e+07,948.8,22.2,1.4259e+05,55.7,12.4,13492,16.4,23.1,566.8,18948,197.3,2.1,3.1,4654.9,76.6,87.4,7.9,42266,2631.4,1
30.1,282.9,1559.6,43,366.3,1905.1,3.9,57.4,166.9,16.5,272.9,2007.6,5443,12610,1.6,2290.1,10336,16712,8612.3,94404,8.2007e+05,1.6016e+05,4.9126e+05,50916,1594.5,4441.6,2451,2399.4,6328.5,64.6,20.2,778.6,796.7,2700.3,12468,5.6,6907.2,42.7,89.1,7.1862e+06,5.9956e+05,13948,40,217.7,17.7,3319.3,6.49e+05,5.1561e+06,9367.9,4.3987e+05,1.6029e+07,1299.5,15.8,1.3025e+05,48.1,54,27656,15.6,69.8,449.1,2615,95.2,25.8,54,9160.5,90.1,121.6,22.6,70518,4211.3,0
34.3,57.3,2127.1,11.7,198.1,641,10,277.4,480.8,5.9,712,3308.6,4064.1,19947,0.6,2066.7,13754,10112,28752,96978,1.8631e+06,2.5848e+05,1.655e+05,58816,366.7,10824,4117,4149,8213.2,2471.3,17.4,2072.3,3676.1,1991.6,6763.2,8.9,505.7,83.6,38,3.8596e+06,6.4043e+05,17449,69.7,229.2,24,13789,5.4377e+05,5.2465e+06,9948.2,3.0839e+05,2.4081e+07,1378.2,44.9,1.5874e+05,83.5,3978.8,17254,13.7,32.2,461.3,9878,23.6,2.9,2.5,1124.5,115.5,58.5,13.3,82774,1627.7,0
47.6,198.9,1397.3,1.3,196.9,1076.3,5.3,75.2,213.2,6,271.3,2056.8,3000.4,17518,5,9086.2,9040.3,14836,8118.8,61701,8.4836e+05,1.4207e+05,2.6874e+05,36641,304.2,1.102e+05,29747,840.2,23295,526.8,5.4,2350.7,1625.6,2149.8,14302,6.5,27098,5,53.9,4.0478e+06,7.032e+05,2607,110.5,244.5,22.9,3597.4,1.3006e+06,3.8427e+06,4321.7,2.8198e+05,1.7665e+07,1174.2,49.2,1.1169e+05,38.4,111,26374,19.6,41.6,566.8,10481,179.6,5.4,58.4,7329,106.1,57.6,9.5,98224,3287.8,1
58.4,258,3757.1,5.6,502.6,1920.9,4.6,93.6,754.6,6.4,353.1,2602.3,8809.3,15226,30.6,2809.6,12642,11749,22371,58327,1.5976e+06,2.582e+05,2.7532e+05,37147,161.2,54739,11149,1796.2,13209,562.1,7.8,8776.9,821,5720.6,18605,6.5,11710,2,67.5,3.1015e+06,8.909e+05,15896,41.8,217.7,18.4,9175.5,1.8192e+06,5.2933e+06,12029,4.4543e+05,2.6561e+07,2297.6,10.7,1.6269e+05,91.6,2,32714,11,69.8,524.3,2928.4,139.6,17,27.3,7929.5,477.1,133.1,31.5,93768,3500.4,0
41.1,249.1,1869.2,2.1,369.5,1442.1,5,42.8,317.6,1,302,2743.8,8284.1,24787,3.9,13498,8293.2,8039.7,6439.2,35861,1.4155e+06,25572,2.1893e+05,52894,100.3,9241.8,5055.1,2120.9,15543,2055.9,9.4,2248.5,5531.1,4698.6,7450,8.9,15838,5.1,69.4,4.526e+06,8.4421e+05,7881.5,55.4,229.2,22.1,7806.4,2.4336e+06,6.9347e+06,9866.1,3.1989e+05,2.7547e+07,977,34.3,94187,37.3,1.8,26158,9,22.6,414.4,7153.5,37.7,2.3,2.6,9406.4,115.5,5.2,10.1,70878,4661.6,0
78.9,99.7,1517.2,6,409.4,1768.5,3,73.5,78.3,8.1,321.2,2717.2,5854.3,20379,1.5,5585.6,9832.8,7572.2,50533,51240,1.1574e+06,1.4925e+05,46546,48831,111.8,81208,17433,5393.7,24270,691.7,7.8,2609.1,4676.9,3853.7,4469.8,7.7,1614.9,23.1,53.4,4.721e+06,7.3058e+05,25576,27.5,193.3,17.7,2017.4,9.8593e+05,4.8323e+06,3111,1.8673e+05,1.4385e+08,839.1,42.2,1.5654e+05,28.5,1.2,26380,6.6,19.1,449.1,5858.5,42.8,3.7,12.7,7926.2,69.4,54.5,9.6,36999,4426.5,0
49.4,33.6,1079.1,22.4,145.1,571.1,1.1,35.9,113,11.9,312.8,2122.8,5686.2,29059,8.6,2403,12008,6456.3,10879,50405,1.0203e+06,1.3563e+05,1.8839e+05,58917,91.7,51274,9098.9,3601.2,6562,1544.6,24.9,585.1,2778.8,978.3,8324.4,8.9,29776,31.9,58.7,7.4769e+06,6.8702e+05,13767,79.4,251.7,25.9,2386.1,6.1597e+05,5.8053e+06,5736.4,2.7651e+05,2.6282e+07,835.9,43.5,1.4451e+05,54.5,1.2,28136,12.9,20.1,461.3,4431.2,27,2.5,2.3,7442.7,93.6,47.7,4.9,55662,3242.8,0
25.2,205,1564.3,1.5,246.9,979.7,6.8,191.5,615.8,6.3,361.1,1433.8,3778.7,7996.4,3.9,1599.3,9541.7,11056,5369.7,71872,6.729e+05,2.7543e+05,1.4472e+05,31760,116.4,65706,23663,3521.2,22815,3063.9,6.1,2898.6,899.7,5017.5,4273.6,7.7,25545,2.8,36.9,4.2246e+06,6.595e+05,4681.5,47.3,201.4,19.1,2286.2,1.3469e+06,3.7051e+06,3908.2,1.7995e+05,9.8132e+06,1518.3,13.3,89211,74,166.1,23759,19.7,77.6,449.1,2458,75.5,18.1,31.7,6314.4,108.5,182,27.3,47023,3364.1,0
41.6,294.2,1254.5,16.6,195.6,1463.6,4.3,47.6,358.2,18.8,1743,2110.6,3274.9,15115,26.6,1467.1,6429.3,7289.7,45447,43197,6.1713e+05,1.0454e+05,4.4645e+05,42631,257.7,37300,31841,2123.9,75902,4856.2,10.6,2626.5,7589.2,1852.1,32637,9,22173,23.8,51.9,5.5475e+06,4.8488e+05,39048,32.9,201.4,19.1,1.0421e+05,1.0333e+07,2.2262e+06,8309.8,3.6761e+05,1.1666e+07,1232.2,101.7,10750,65.6,54,24360,34,73.7,449.1,1890.8,679.8,20.2,33.2,8390.8,142.4,16.6,17.1,24281,2797.7,1
20.7,217,1615.6,2,224,1550.8,4.4,122.3,279.1,4.1,321.2,1037,3829.2,5304.6,0.6,1315,9056.4,5725.4,7561.9,35454,1.0079e+06,78182,20722,51637,42.8,13422,11731,3707.5,10219,16.6,23.2,846.5,3642.4,3721.8,2853.9,9,12212,1.7,36.2,1.4948e+07,5.4215e+05,12289,22.7,217.7,19.1,1613.8,4.7463e+05,4.6955e+06,4332.8,96680,9.2191e+06,1114.3,19,1.2557e+05,28.5,350.6,26660,8.8,17.1,431.6,726.7,43.7,4,3.3,8752.7,97.5,96.6,9.6,60500,4598.6,0
43.8,201,2651.4,7.7,202.7,1196.7,5.3,153.3,407.6,4.7,271.3,2087.9,7981.3,12279,10.5,2592.2,9707.1,5323.9,17545,98063,1.3481e+06,1.2813e+05,2.9969e+05,77500,425.6,11073,8642.2,4628.3,12133,120.7,15,3459.1,2326.7,1744,13462,11.7,17597,16.2,45.1,5.5498e+06,6.4208e+05,8511.4,90,284.3,17.5,4366.9,1.4889e+06,3.8755e+06,8031.3,3.9477e+05,1.3208e+07,1915,111.5,1.3813e+05,46.3,299.4,19146,7.8,16.7,520.5,2210.2,258.9,2.8,24,8061.8,203.1,73.5,12.9,61354,4512.9,0
19.8,138.7,1096.3,3.4,269.2,1092.8,3.8,49.3,230.6,5.9,503.4,1076.4,3145.9,6951.5,0.6,1229.9,11299,3207,16922,60429,1.1101e+06,1.601e+05,26630,52175,80.9,6309,3109.6,1152.4,8030.3,394.9,25.8,1810.1,13485,3568.1,2576.1,7.4,5127.1,7.3,28.8,8.6584e+06,1.0591e+06,26482,96.8,317.6,28,2021,1.1942e+06,5.7462e+06,7363.2,1.8107e+05,2.2194e+07,648,14.3,30447,29.4,1408.5,24840,4,9.8,562.6,464.3,41.5,3.6,3,8099.1,55.9,81.7,17.9,10905,3662.7,0
28.3,453.2,7168,27.2,131.3,1006.1,11.8,167.7,1472.3,17.2,572.9,3666.9,7989.1,13499,40.2,4305.8,8959.8,11843,1.2796e+05,61856,1.5136e+06,3.4405e+05,3.6118e+05,81982,312.6,1.1523e+05,79100,4584.6,29446,764.2,86.6,7417.9,12332,2982,31079,8.9,1896,6,29.8,1.9614e+06,6.3875e+05,9510.7,89.2,274.5,24,4031.8,2.9542e+07,2.8688e+06,15178,5.3914e+05,6.8265e+07,2613.5,23.4,1.3258e+05,45.1,187.9,11072,7.5,30.2,703.8,32127,385.7,2.3,2.4,6572.3,221.7,2.5,16.6,5145.1,1862.6,1
19.8,152.4,3504.5,29.1,101.2,836.1,5.6,130.2,1194.4,9,343.6,1787.4,1123.2,14700,10.4,1492.5,13516,10219,1.0323e+05,35228,9.9232e+05,1.4856e+05,1.8978e+05,36717,59.3,14500,8119.7,15127,1.2019e+05,14402,19.1,6247.4,5686.7,3159,9175.3,5.8,1915.1,5,111.9,3.1098e+06,6.952e+05,3027.9,88.6,341.9,22.2,11951,1.7138e+07,2.0559e+06,5484.3,1.5187e+05,3.3014e+07,2367.9,17.6,1.4948e+05,32.8,32.1,21686,5.6,11.6,504.3,8895.4,337.6,2.6,2.1,7356.7,169.6,36,15.7,1.0963e+05,3676.8,1
296.6,136.7,1736.5,1.1,322.9,1103,3.9,48.6,175.4,5,355.5,2993.4,5009.6,23360,23.4,4442.2,11802,14749,8083.7,42740,8.5755e+05,1.1832e+05,79296,72446,734.6,18139,2341.5,3253,8771.4,77.1,10.9,7818.1,3922.2,3178.1,7755.7,7.6,6790.2,1.5,58.7,2.8476e+06,6.3013e+05,4110.5,69.7,251.7,25.9,3491.7,6.2605e+05,6.2339e+06,4042.1,3.1157e+05,1.7323e+07,974.7,25.4,1.5828e+05,49.6,47.4,25401,34,92.2,512.2,30641,144.2,3.8,18.5,11015,172.7,69.5,12.5,79472,5037.9,0
34.3,105.3,1044.5,378,380.6,933.6,5.2,178.8,113,6.7,334.2,2772.2,2949.1,26027,8.1,4847.9,12476,3130.3,5241.2,43857,1.3085e+06,1.3478e+05,92883,31859,88.8,40276,55362,4314.5,12921,699.1,8.6,2239.6,2479.1,4190.9,4604.9,7.6,20608,3.4,35.3,3.6644e+06,7.8422e+05,6014.5,94.1,345.3,25.9,4329.4,2.9912e+05,7.7951e+06,5269.7,1.8796e+05,8.3425e+07,452.8,25.7,1.6788e+05,45.1,17.8,23290,15.4,28.4,795.1,4451.3,79,1.6,1.4,5540.4,19.1,105.3,3.6,45137,2702.2,0
41.6,180.8,1274.5,3.5,295,643.6,2.5,86.1,446.7,11.3,776.4,1539.5,5748.1,17663,30,1722.6,5876.8,7830.4,8969.7,45243,5.7458e+05,75952,61667,44454,315.6,9689.7,8262.3,1908.2,34634,4970.4,13.8,5008.8,8780.6,1134.4,15841,6.5,1660.8,6.6,27.5,3.5327e+06,4.8679e+05,20119,60,201.4,20.5,3034.1,7.4431e+05,6.1917e+06,2997.7,5.7452e+05,2.0014e+07,1432.5,35.3,1.3959e+05,35.5,48.9,12716,11.8,32.8,524.3,19837,202.9,97.3,63.1,11258,156.5,3.4,30.7,1.081e+05,4771.5,1
49.4,166.9,1164.3,1.6,111.7,762.4,3.9,58.3,290.2,6.4,323.5,2254.5,4748.2,17681,0.8,2635.1,13665,5884.9,12558,37031,1.1768e+06,1.9704e+05,2.5563e+05,33242,42.9,1285.9,2746.7,2935.9,11246,90,19,1400.8,1345.4,3335.7,3964.3,9.7,8040,2.7,33.5,4.0339e+06,1.1294e+06,2838.2,72.1,251.7,25.9,3491.7,5.2951e+05,5.2954e+06,5301.1,1.468e+05,1.3622e+07,993,10.7,89706,49.6,646.6,27087,12.9,48.5,512.2,1069.8,176.1,1.8,1.5,2997.6,68.3,118.9,4.6,30328,1851.5,0
41.1,396.5,2944.7,1.2,578.6,1448.8,5.3,130.7,659,5.3,408.3,3288.1,6033.8,30070,12.3,2678.8,6189.2,8313.6,5719.3,27343,1.6375e+06,2.0793e+05,2.7283e+05,68269,85.9,22793,16736,2424.6,6902.1,828.5,7.3,6500.8,978.3,1021.9,15879,7.6,8856.1,1.5,22.5,2.4645e+07,7.5577e+05,14808,72.1,251.7,24,2308.3,1.3112e+06,5.1056e+06,6012.5,6.8722e+05,2.1388e+07,975.9,29,1.1223e+05,39.1,60.6,34256,8.3,53.6,414.4,42517,154,2.2,2,6760.3,153.4,6.4,15.7,70493,3205.8,0
20.7,139.1,973.2,2.4,207.7,528.6,1.8,105,181.5,3.3,305.2,1615.6,1607.3,19113,10.3,2717.5,5876.8,20480,17506,33265,8.3118e+05,1.0048e+05,2.1547e+05,45356,50.8,46654,29506,1825.7,10105,439.3,12.4,2111.9,180.2,1965.9,8565.6,6.5,14349,6.6,13.1,1.5005e+06,7.3523e+05,1726.1,36.4,217.7,25,2271.3,1.8881e+06,4.8187e+06,5804.5,2.7778e+05,1.893e+07,872.1,14.2,1.1194e+05,109.3,89.1,13017,11.8,45.4,524.3,12621,61.6,3.5,2.6,4328.1,37.6,89.8,5.3,46003,2453,0
995.7,118.9,1975.4,0.8,350,958.1,7.3,59.6,344.5,3.7,312.8,2649.2,5246.6,25730,23.6,2231.2,9791.3,3597,10972,55689,1.3763e+06,2.2512e+05,1.2975e+05,85626,61.9,9809.1,3552.1,2923.7,4348.7,51.8,18.3,8876,4220.7,2050.9,8130.6,10.5,10432,7.5,33.5,5.5797e+06,8.5129e+05,20910,69.7,274.5,25.9,2563.6,3.5328e+05,6.2387e+06,7818.4,3.2078e+05,1.9319e+07,1335.5,46.5,1.5948e+05,35.4,1,28858,25.9,65.5,461.3,38734,309.1,75.2,41.7,13648,221.7,123.5,26.4,1.105e+05,4475.1,0
28.6,157.2,1517.2,0.5,198.2,628.2,6.4,88.7,303.7,6.2,271.3,1228.5,4273.8,10031,1.1,1599.3,10599,14700,6984.8,67365,1.2936e+06,1.7612e+05,1.6034e+05,78934,79.9,41910,17494,4943.6,13464,1630.7,25,1987.2,5795.3,1934.8,7816,5.7,18618,4.3,44.3,5.4646e+06,5.8541e+05,8272.7,82,225,19,1753.9,2.3964e+06,5.1352e+06,4772.3,3.6185e+05,9.8033e+07,1279.4,21.9,1.0621e+05,50.7,16.8,40475,11.1,20.8,566.8,18076,59.2,42.5,61,9836.7,114.4,106,25.5,44253,4857.2,0
1223.5,138.7,2727.1,8.5,511.3,1860.3,4.8,98,610.3,14.3,343.6,1755.6,3943.9,20532,15.5,7444.9,8797.6,3528.6,53571,47232,7.191e+05,91475,2.0007e+05,32741,43,33061,10980,957.7,29836,1142.3,5.6,5995.1,3922.6,4218,5855.6,8.7,1822.8,2.2,38.3,5.7536e+06,9.2082e+05,8577.1,136.4,293.6,26,8328.3,2.8033e+06,3.5272e+06,4949.3,2.7271e+05,2.2275e+07,1263.3,42.1,1.0771e+05,32.8,245.8,20570,4.8,10.7,504.3,8834.2,108.9,2.6,2.3,6333.5,159.4,33.9,40.6,52831,3106.5,1
30.1,188.9,3030.7,3.6,205.5,2012.2,14.1,310.1,1150.1,8.2,337.2,1682.3,4329.3,14282,0.7,7323,8609.2,21604,8146.8,47933,2.2757e+06,3.1651e+05,42229,31483,109.5,24842,8755.4,4002.6,7390.3,85,4.3,2354.3,2574.8,1299.6,1597.5,9,6983.9,9.2,63.3,6.787e+06,5.1963e+05,3758.4,43.6,201.4,20.5,3019.1,2.7138e+05,3.1883e+06,4359,1.4327e+05,1.3373e+07,1847.3,10.7,1.931e+05,35.5,198.5,39395,19.7,65.7,414.7,9525.6,40.8,3.4,2.9,6728.2,63.4,58.8,12.1,29681,3648.9,1
145.6,168.5,2145.4,12.8,231.6,834.7,5.7,112.8,390.2,3.7,289,2878.7,4259.7,21530,12.7,5136.3,8803.7,3892.5,19946,24864,1.285e+06,2.0354e+05,55164,48902,114.1,1.3151e+05,38606,6816.9,8661.5,221.6,26.1,1408.3,2566.3,3417.9,5946.6,6.5,85250,11.8,92.6,2.1648e+06,8.4414e+05,4178.8,24,234.1,21.9,6964.1,2.2615e+06,7.2498e+06,3583.1,1.4342e+05,2.6599e+07,1501.7,12.3,1.8096e+05,31.9,1.4,17260,8.8,21.3,449.1,740.2,34.3,2.9,15.3,6944,144.5,144.6,20.1,44215,3159.5,0
23.7,118,1253.3,6.8,190,1065.4,2.8,114.3,252.6,6.4,208.5,1762.4,3973.4,19531,5.1,5563,8206.2,9280,10821,45148,9.5674e+05,1.4382e+05,1.3084e+05,32126,201.6,1.3685e+05,40872,2430.2,21673,139.7,12.8,3938.5,2816.5,2432.2,5086.8,5.7,16026,5.9,86.1,5.0315e+06,7.6934e+05,8463.6,78,225,17.5,807.7,2.5446e+06,5.7281e+06,3693.5,2.1409e+05,7.7811e+07,147,16.8,31509,46.3,60.7,24562,9.6,31.9,520.5,21998,43.7,2.1,1.4,6526.5,74.6,151.2,14.5,60684,3505,1
34.1,334.1,2440.7,39.5,414.2,1839.5,3.6,51,341,10,260.9,2779.2,5340.1,24792,5.5,6188.9,10209,6847.2,31704,94093,1.1202e+06,1.8653e+05,3.7382e+05,48286,109.9,5602.7,7367.2,2378.2,11054,23.5,10.5,1787.2,5336.1,4314.8,7030.9,6.5,9162.8,9.3,100,8.0715e+06,7.2057e+05,33080,82,205.8,17.5,6519.2,9.2406e+05,4.757e+06,4692.5,4.977e+05,1.2503e+07,1531.1,97.6,1.4806e+05,38.4,45,30126,10.3,18.7,477.7,3505.7,87.1,3.8,22.4,6610.7,136.9,148.8,19.2,65742,3160.5,0
20.7,121.9,1152.9,8.5,104.5,421.2,1.2,110.7,78.3,3.4,384.8,1798.8,6540.9,14799,13.6,5232.7,11884,8755.4,19308,51895,1.1686e+06,1.7449e+05,65569,33519,11.7,43132,29011,53986,3617.4,1271.1,27.7,3165.9,4598.1,3341.3,6158.3,7.7,7348.6,14.3,33.3,3.2616e+06,6.9418e+05,1700.2,47.3,201.4,20.5,315.6,1.9004e+06,2.9608e+06,4902.2,1.7053e+05,3.0378e+07,928.2,11.9,68489,22.1,0.9,17049,8.1,17.1,414.7,20186,29.7,3.9,2,5082.1,61.5,101.1,4.5,26552,2278.6,0
35.5,174.6,1304.3,3,302.2,1346.9,5.7,67.2,371,13.9,321.2,3532.8,7776.7,22855,53.3,3164.4,11620,4753.1,13283,42509,1.1429e+06,1.35e+05,2.8149e+05,50398,371.9,16422,4668.7,2263,6897.3,119.4,6.1,4856.3,1544.5,2561.8,8703,6.5,11865,4.4,43.4,3.2067e+06,7.2132e+05,25511,25.8,217.7,23.4,15046,7.2989e+05,5.7462e+06,4567.6,1.8829e+05,1.2783e+07,1202.7,42.5,1.5888e+05,31.9,38.7,18388,14.8,81.3,449.1,16966,155.5,79.6,78.2,5621.5,229.8,67.6,28.1,41701,1803.5,1
25.2,117.5,879.3,0.7,376.1,677.1,0.7,53.2,224.2,1.9,321.2,1217.1,3011.6,9883.5,1.5,1121.4,7295,26861,24083,63340,9.4987e+05,1.0104e+05,72031,41604,182.8,15667,15759,1660.7,4489.8,1751.5,8.6,1897,1417.6,1472.6,3753.5,7.7,2542.9,4.4,31.8,3.971e+06,5.6077e+05,22969,47.3,234.1,17.7,3779,1.1522e+06,4.4403e+06,6796.7,2.4111e+05,1.8472e+07,589.7,55.2,1.1008e+05,53.1,1.8,18545,15.6,24.9,566,10680,132.7,11.7,5.1,7235.6,80,3.4,12.9,54046,2946.7,1
25.2,350,1648,1.9,374.3,979.7,7.1,43.1,650.9,11.3,305.2,1395,4808.4,15540,1.4,5214.6,7782.4,30399,25915,58327,1.0178e+06,1.5404e+05,1.6898e+05,64405,523.3,38547,19044,6099.7,30948,682.6,6.1,2386.2,1.114e+05,2906.3,7100.2,7.7,2063.7,4.4,21.8,5.0337e+06,5.2887e+05,34565,36.4,185.3,20.5,6471.8,1.6333e+06,4.4035e+06,3637.8,83703,1.4161e+08,949.9,120.9,1.8556e+05,58.8,136.6,38495,18,30.9,449.1,4377.8,102.9,3.3,24.2,5625.9,108.5,20.7,15.4,2.4147e+05,2547,1
34.3,67.3,932.1,1.1,289.5,1218.2,3.6,73.6,219.7,8.1,291.3,1775.6,4529.7,11503,1.3,3073.7,11124,6511.1,28365,50405,8.0099e+05,1.1091e+05,39035,64922,80,5436.5,3069.4,1218.6,4641,189.3,8.6,2313.3,3318.8,2991.4,6048.4,8.9,12170,3.4,16.1,5.2964e+06,6.7981e+05,22807,55.4,240.4,21.2,3469.7,1.4676e+06,5.7402e+06,3841.1,2.4572e+05,8.3179e+06,1337.4,27.6,91604,45.1,108.7,24171,9.8,25.3,512.2,7033.9,12.6,2,1.8,5441.5,20.8,34.9,3.8,19034,2963.9,0
451.3,335.3,1611,5.8,251.8,1232.1,2,124.4,662.6,7.3,2713.6,1401.1,2996,9484.6,0.7,1821.9,6937.4,4342.7,11194,64576,1.1044e+06,1.7288e+05,1.4965e+05,42852,26,67843,27149,1132.6,14908,2.4,13.1,5168.5,1954.4,6817.6,4797.9,7.7,29964,17.3,33.3,3.8155e+06,7.0492e+05,5631.1,32.9,185.3,16.4,1628.8,2.3636e+06,4.4857e+06,5382.5,2.6351e+05,2.1098e+07,504.2,22.7,11199,303.9,1737.7,20189,51.4,169.3,485.5,22110,31.4,7.7,3.3,5675.1,64.7,92.1,65.2,25075,3256.1,0
30.1,130.5,1193.8,8.8,215.1,578.6,2.3,113.9,319.1,7.2,289,1727.2,3914.7,18101,2.7,2694.5,10060,9335.2,23242,19950,1.24e+06,1.1292e+05,1.6237e+05,34561,42.8,5737.8,2206.2,4796,5759.9,3202.1,41.2,1906.3,1372.7,1996.7,8268.5,7.7,1963.5,22.3,73.1,5.0915e+06,6.9159e+05,4644.9,31.1,217.7,21.9,4089.5,1.7732e+06,4.4195e+06,5482.5,2.3407e+05,1.3027e+07,944.5,13.1,1.559e+05,43.6,485.7,23440,10.3,21.3,449.1,8844.5,24.5,10.7,3.2,7215.8,107.1,144.6,15.4,42727,4019.6,0
34.1,255.1,1502.4,5.6,328.2,899.2,5.3,35.8,278.4,11.3,250.5,1158.2,3402.4,7357.9,1.4,466.2,6785.7,8014.9,3851.2,91805,5.9222e+05,1.3868e+05,7.2356e+05,47253,1764.1,7036.6,7314.7,1516.9,6230.3,607.1,6.8,754.6,8749.7,1475.6,49115,7,4120.4,5.5,30.6,7.5787e+06,7.7562e+05,42092,78,264.3,19.8,1190.3,2.2593e+05,4.9384e+06,8202.8,7.3221e+05,1.1356e+07,1033.8,56.4,80221,46.3,532.8,20834,17.2,31.9,825.9,1659,432.5,66,87.8,4456.2,217.8,115.4,14.1,71544,1932.6,0
2190,2236.1,7340.8,90.3,414,4142.2,10,77.2,4142,37.2,353.1,5873.5,6660.3,37357,449.7,5434.1,32304,8223.2,8470.6,1.0215e+05,6.3259e+05,4.2768e+05,1.8351e+05,61234,125.6,4981.6,4989.9,2506.2,14450,212.7,35.7,6.8105e+05,4830.5,1914.3,22642,7.7,18720,84.9,234.7,5.6982e+06,5.66e+05,9926.4,19.2,201.4,17.7,12727,4.4661e+06,4.2374e+06,7057.5,2.451e+05,1.1781e+07,1618.2,354.3,1.7718e+05,74,541.4,23456,801.2,1121.9,414.7,65050,170.6,22.4,2.3,9177,246.6,98.9,18.8,61878,4604.5,0
405.7,248.3,1517.2,0.4,176.8,1082.4,0.3,49,828.1,4.8,272.9,1830.4,1726.1,12340,1.2,2675.4,9600.7,22501,4846,31037,9.1743e+05,41309,2.3325e+05,51708,40.1,32069,21456,788.1,13457,600.1,2.6,2492,3645.1,2896.6,8337,6.5,10930,9.5,34.7,5.2249e+06,5.8283e+05,7190.7,36.4,185.3,16.4,2338.5,6.7007e+05,5.0561e+06,6171.5,3.36e+05,1.492e+07,765.4,15.3,22888,284.9,1.4,20165,60.7,196.3,414.7,5138.1,149.5,15.9,31.7,12374,66.1,8.2,18.8,46537,4896.9,0
49.4,257.1,2713,48.6,436.6,1465.6,6.1,52.5,144.8,7.9,312.8,2944.6,1084.6,28426,40.4,7297.5,8774.6,5370.9,28024,66871,1.4643e+06,1.806e+05,82419,86927,23.1,2153.6,5738.3,1747.9,10882,211.9,9.4,7710.3,2057.9,2584.5,4659.5,6.6,3096.1,48.7,97.5,1.2162e+07,7.4987e+05,23483,74.6,297.8,29.1,1310.4,2.7169e+05,7.0421e+06,8162.4,5.7638e+05,1.1712e+07,907.2,66.8,1.3249e+05,117.4,1,20410,77.2,190.3,568,24071,28.7,2.3,2.7,6654.3,93,8.1,12.5,25280,2555,0
40.3,205,1114.9,81,348.6,1364.8,4.1,39.2,328.6,5.9,271.3,2758.1,5405,20858,26,3566.3,12837,6547,5049.8,60424,1.104e+06,1.5987e+05,1.1531e+05,93127,118.8,12611,13063,4071.6,45974,4999.5,8.1,6456.2,2508.2,2006.8,5310.5,6.5,6067.4,4.6,44.3,5.9147e+06,8.663e+05,18895,94.1,264.3,19,3514.9,2.2029e+06,4.4124e+06,3181,3.1393e+05,1.0252e+07,1045.3,79.4,1.169e+05,50.7,154.3,29808,29.8,72.7,520.5,35930,38.6,2.7,14,5684.8,86.8,59.9,6.3,39037,2628.4,1
28.6,211.1,1038.1,5.3,144.5,1426.4,3.3,94.7,252.6,5.3,250.5,2366.9,3947.9,18381,17.8,4694.4,7101.7,8780,14552,47894,1.0924e+06,1.7319e+05,2.9001e+05,38314,825.3,5580.1,2566.1,3557.8,17819,54.9,31,1257,2472.6,1780.6,6656.8,5.7,8396.9,24.1,49.9,5.3956e+06,5.4404e+05,18355,78,205.8,17.5,1133.3,2.9423e+05,3.6715e+06,5832.2,2.9776e+05,2.2414e+07,612.1,52.3,2.1657e+05,38.4,75.6,33590,19.6,28.5,520.5,14824,214.8,15.8,33.2,9706.8,78,124.9,14.1,68084,4585.9,0
34.1,270.8,1995.8,10.2,328.4,1574.2,4.6,69.5,1118.6,7.8,312.6,2624.9,4461.2,20682,69,1410,7012.9,14357,9321.8,74123,9.4328e+05,1.3442e+05,38857,1.0147e+05,203.6,16437,8092.5,1262.6,6921.4,8.3,29.9,11076,2666.2,1988.9,3602.3,6.1,4805.7,19.2,65.7,8.7999e+06,5.6787e+05,36290,86,244.5,20.5,4990.4,7.4206e+05,5.3379e+06,4076.2,1.6785e+05,5.2981e+06,1002.2,26.1,68517,50.7,31.7,29219,51.9,117,566.8,13803,65.3,7.4,18.3,7647.2,103.3,82.7,5.7,45647,3678,0
34.1,190.7,1412.4,3.2,263.2,1292,3.2,53,172.4,7.7,302.4,2930.7,7173.5,14376,10.9,6935.2,7855.5,3729.5,5359.6,53264,1.6044e+06,79849,1.0689e+05,80622,506.6,19126,5284.6,4037.5,5020.8,163.6,212.9,2719.8,6190.3,3272.6,5739.4,6.5,23551,12.6,56.3,9.3937e+06,8.544e+05,24252,82,225,23.7,2826.6,4.4179e+05,7.7114e+06,3794.1,3.6171e+05,1.4255e+07,1122.4,35.1,1.0469e+05,38.4,215.1,20310,11.8,18.7,520.5,932,107.4,2.5,17.4,6836,108.8,64.4,4.3,72379,3349.7,0
25.2,309.3,1545.5,6.4,237.7,993.7,5.4,61.4,251.9,5.9,256.6,634.8,6579.1,4255.9,0.5,1565.7,11571,5093.7,6410.4,81311,1.098e+06,1.6241e+05,58372,89275,48.2,12825,6708.7,4413.6,9705.9,118.8,15.8,524.9,2592.9,3360.5,1392.3,6,31109,7.6,37.6,9.3668e+06,6.8341e+05,21854,21,201.4,20.5,63.7,3.3452e+05,4.5003e+06,4593.5,1.9253e+05,2.5001e+07,1123.3,18.2,1.8279e+05,25.2,719.3,28555,10.3,15.2,414.7,406.4,154.2,15.9,29.5,9090.9,134.1,112.5,9.6,41772,4112.3,0
34.3,200.5,1153.1,6.4,395.1,871.2,3.5,31.8,474.5,9.3,334.2,2287.7,6127.4,17869,8.2,3972.7,6762.5,7460.8,9451.7,47162,1.0453e+06,1.9326e+05,95400,64681,103.2,63175,29856,6075.5,36772,5188.3,5.1,4715,2449,13213,41.7,9.7,4315.4,2.1,22.5,7.5796e+06,7.2512e+05,35351,74.6,229.2,24,3359.4,4.6721e+05,4.102e+06,8841.2,4.0605e+05,2.4464e+07,1103.7,96,1.5787e+05,37.3,2.2,24758,9.8,28.4,370.6,18718,99.6,2.1,2.5,8273.9,83.8,87.2,10.1,51700,3793.7,0
34.1,278.6,2870.9,62.6,218.4,1862.6,5.6,59.9,252.6,9.7,1080.6,1994.5,3578.3,24853,6.4,3095.6,10148,5143.6,83434,61701,7.4608e+05,2.1931e+05,3.1116e+05,90798,1598.4,3.2145e+05,51255,2155.4,26887,838.8,8.1,5080.1,8244.8,8497.9,7921.2,6.5,5645.6,3.2,49.1,6.0063e+06,9.5198e+05,38528,72,186.8,19,1379.2,4.7892e+07,2.3389e+06,5938.9,4.7626e+05,1.4401e+08,1212.4,60.6,1.7624e+05,101.1,313.1,33465,11.4,20.8,520.5,7804.1,747.4,86.4,59.7,7846.8,172.6,64.4,74.3,66452,5002.5,1
49.4,162.7,1524,1,212.3,986.2,3.6,66.1,561.8,4.2,291.3,2164.1,3367.6,16622,18,1657.6,12864,17445,24011,48249,1.0246e+06,2.0888e+05,1.3559e+05,62524,219.8,58164,33207,2610.1,6562,183.8,4.2,6037.6,4705.9,1278.5,10504,8.9,12799,4,56.9,8.1823e+06,6.5915e+05,33237,69.7,251.7,22.1,5057.4,7.0705e+05,4.9547e+06,5457.4,3.2013e+05,1.5616e+07,886.4,19,84606,75.1,1.5,22382,30.8,110.3,461.3,7731.2,89.7,3.4,8.2,8214.7,130.3,69.5,12.9,57617,3067.1,0
34.3,330.8,1830.2,1.7,373.8,1502.3,5.1,68.9,512.2,4.8,376.7,4504.3,5867.7,19739,16.6,1312.4,14563,8533.6,3932.8,78520,1.4957e+06,1.9614e+05,1.9325e+05,86484,106,4427.5,4994.5,651.7,10664,269.6,20.2,6266.4,2628.9,1204.5,10527,8.9,16607,5.1,49.8,5.5136e+06,6.7373e+05,16940,64.9,274.5,22.1,2519.2,4.6269e+05,6.5091e+06,7789.6,3.0008e+05,9.7475e+06,496.1,71.2,1.1923e+05,54.5,2.5,26991,20.4,65.5,568,27037,298.6,17.8,23.9,6951.9,211.8,24.5,23.9,1.0887e+05,2797.5,0
34.1,122.4,1417.5,2,282.7,1220.8,3.9,62.7,100.1,6.2,229.6,2084.6,4698.4,16853,6.9,4304.7,10055,7582,11948,98627,1.4644e+06,77728,80617,61473,191.3,10640,6931.3,8308.4,42242,3.9,17,1000.7,956.5,2414.6,1832.7,5.7,21854,3.9,43.5,5.6026e+06,7.5781e+05,10428,82,264.3,24.5,4385.2,8.6243e+05,7.3411e+06,2971.1,1.9246e+05,5.7225e+07,1109.2,20.2,1.4244e+05,55.7,31.7,40536,11.1,20.8,617.7,2193.1,74.8,27.1,25.6,7554.2,104.7,192.3,15.4,66554,3959.8,1
40.3,113.5,1457.6,0.1,353.9,961.1,3.4,56.3,186.2,4.6,271.3,2295.1,6135.8,21334,8,4920.6,10148,14371,8061.5,53264,8.7002e+05,1.1468e+05,76325,68848,164.2,17257,3103,2442.4,9995.6,132.6,8.9,5672.3,4111.7,3171.3,9300.8,7.5,4574.4,0.3,68.9,7.7384e+06,7.9789e+05,27837,82,244.5,20.5,3588.2,3.2049e+05,5.0539e+06,3794.1,2.7326e+05,1.6035e+07,1054.3,45.1,1.8095e+05,38.4,2.3,23431,18.8,25.7,477.7,23226,130,11.5,41.9,8717.1,150.4,78.1,27.2,78321,4667.3,0
2248.6,583.6,4155.9,140.6,221.9,788.9,3.1,50.1,279.1,13.1,353.1,2830.1,5607.8,20968,21.2,5005.9,8477,11533,3368.3,70670,9.6183e+05,1.6287e+05,1.4356e+05,50539,76.1,1.2136e+05,33116,3815.8,10694,895,19,16326,2592.4,1716.5,4317.2,9,47443,92.8,39.1,5.7153e+06,5.2709e+05,10206,47.3,201.4,19.1,1838.2,1.0328e+06,4.641e+06,6772.9,2.074e+05,2.2435e+07,1175.1,1077,1.7996e+05,41.4,825.8,22520,623.7,592.6,414.7,61992,157.4,13.8,3.5,9260,129.9,107.9,5.8,42967,4590.3,0
20.7,320.5,1629.5,6.9,251.2,1404.3,5.5,32.8,174.2,6.6,493.8,2994.6,4901.6,21213,25,3905.2,5045.4,26214,29845,27223,1.1267e+06,1.5247e+05,4.861e+05,70478,1374.6,1.1078e+05,29337,1229.2,3579.4,24.8,7,4414.3,4593,3646.1,26566,7.7,11722,6.1,39.1,4.7641e+06,4.43e+05,57268,36.4,185.3,21.9,1238.5,1.6249e+06,4.0042e+06,8195.6,4.5601e+05,2.5702e+07,996.9,188.4,2.0058e+05,39.4,0.9,21735,9.5,26.2,485.5,8388,273,44.2,9.1,8588.7,56.2,146.9,13.8,56548,3533.5,1
34.1,255.1,2296.4,21.2,124.4,1119.4,8.4,43.6,708.8,12.3,1610.7,1522.3,3531.8,14949,5.1,1092.4,9898.3,3521.1,8481.1,39515,7.513e+05,1.437e+05,49214,99864,456.4,5112.7,7481.5,8669.3,11670,3019.7,8.9,3725.8,1521.9,2589,6625.7,6.5,3133.7,6.4,15.4,3.8962e+06,5.3987e+05,25940,78,244.5,19,6936,5.3983e+07,2.3969e+06,3777.4,2.6218e+05,4.3622e+07,913.8,73.9,2.2467e+05,34.8,2.4,21407,22.1,20.8,617.7,5549.6,177.4,4.1,14.9,10385,85.4,7.6,4.1,61230,5060.4,1
41.1,127.9,751.4,0.3,168,452.2,4.8,41.3,190.4,1.7,355.5,2501.1,2965.4,23608,14.8,4512.8,11233,3876.2,10944,29842,9.7711e+05,77668,1.8626e+05,47736,229.8,47375,34319,2266.6,6562,1074.6,5.6,1380.8,4285.1,1731.7,4768.8,10.5,4299,1.5,57.8,4.892e+06,8.0576e+05,16914,77,251.7,24,1626.7,2.8322e+05,5.5577e+06,5301.1,1.7415e+05,2.7749e+07,588,57.2,96938,49.6,0.7,22468,13.7,30.2,512.2,15273,38.9,2.3,2.8,9161.1,57.5,87.2,6.1,67741,3782.4,0
28.6,140,1427.5,10.2,258.5,1032.4,5.7,255.1,86.3,10.9,271.3,1771.8,4526.9,11633,2.8,1551.9,8319.8,7294.1,6231.7,93522,1.2543e+06,1.1906e+05,1.3545e+05,45508,121,23085,9199,3789.7,8630.7,522.3,18.7,3374.3,2213.7,3356.7,4490.7,5.7,10234,6.8,73.6,4.4205e+06,6.9631e+05,8362.8,78,244.5,22.1,6973.1,4.7419e+05,5.4797e+06,4321.7,1.6738e+05,4.2591e+07,1182.9,19.9,58535,143.1,24.3,23377,11.1,16.7,520.5,6596.5,75.7,3.5,2.9,4929.4,48.1,64.4,1.8,31283,2993,0
4043.9,5541.1,14900,5.3,1116.5,6492.5,5,56.9,8751.2,2.4,334.2,2111.9,2419.1,14351,1894.6,16490,58031,7986.5,29157,24779,8.4071e+05,1.2898e+05,42449,21219,2062.2,6802.2,3620.1,2054.1,1.2599e+05,2573,6,9.1471e+05,252.5,2479.1,2936.1,10.5,3092.3,28.1,13.1,1.5037e+06,6.6239e+05,4757.5,69.7,251.7,24,9403.1,6.995e+05,3.6967e+06,3046.8,1.6406e+05,1.7417e+07,688.5,182.3,1.18e+05,534.4,267.3,7029.8,1386.7,1764.3,512.2,1.1859e+05,51.9,1.6,1.6,4205.6,2.7,2,3.8,26911,2191,1
43.8,207.1,1158,2.1,324.3,537.2,4.2,23.3,341,4.1,333.2,1562.3,6001.9,15439,6.8,4505.3,9346.3,6292.5,27773,71072,8.7973e+05,91669,13658,54942,172.6,95754,37258,5702.5,16461,4281.4,2.2,2411.8,1690.7,2753.3,4682.1,5.7,21428,2,14.1,8.4424e+06,6.2408e+05,31246,90,244.5,22.1,2171.9,2.1602e+06,5.2946e+06,3960.5,2.2759e+05,6.8793e+07,873.2,105,1.7016e+05,46.3,1.1,22655,9.6,14.8,477.7,6013.3,51.3,3.2,3,6827.8,85.4,7,5.3,64781,3659.8,1
25.5,247.6,1894.2,3.5,436.5,1905.2,1.6,68.8,169.1,6.6,353.8,2485.3,4910.5,19729,6.8,2956.4,9159.2,13179,14095,81178,1.2538e+06,1.7215e+05,1.7376e+05,45365,116.1,70666,23279,3246.7,13250,2089.8,4.5,8048.3,6664.3,3990.2,6909.2,8,11494,3.6,33.5,5.894e+06,1.2273e+06,10240,85.8,341.9,28,2187.3,2.3952e+06,4.8324e+06,6561,2.1475e+05,1.9089e+07,980.1,29.5,62725,92.5,215.2,29154,8.3,19.9,665.2,33392,25.2,2.5,1.8,9497.5,93.6,42.3,4,62587,4493.4,0
28.6,66.8,993.4,0.2,129.5,883.4,1.5,30.6,172.4,5.9,292,2181.1,5449.9,21180,4.5,4926.6,7775.4,7145.6,9095.8,52601,8.8011e+05,1.0386e+05,1.8921e+05,35362,203.6,5364.4,4310.9,761.9,57404,116.9,3.3,1443.1,1589,2865,15567,6.5,2946.1,1,35.4,3.2202e+06,7.5349e+05,9918.7,88,205.8,17.5,5688.8,6.6934e+05,5.0372e+06,3405.1,3.4434e+05,4.3966e+06,958.5,16.2,96789,38.4,1.3,19928,10.3,16.7,498.7,406.7,31.2,2.9,2.1,6951.5,93.6,69,6.6,50844,3036.3,0
16.5,121.9,1005.6,4.7,323.4,1562.2,1.5,40.8,68.8,11.5,305.2,1434.3,2787.2,12095,4.1,1303.9,7997.2,12865,29793,45919,1.0771e+06,1.2401e+05,89962,32720,187.1,5985,4295.5,721.1,4584.6,484.7,14.4,7237.4,897.6,2200.8,1638.7,6.5,96.6,3.4,28.2,2.5536e+07,7.8058e+05,1814,41.8,201.4,21.9,3968.2,3.1094e+05,6.2721e+06,4359,4.8959e+05,1.7288e+07,645.6,5.9,71040,48.1,13.9,36142,6.6,26.2,449.1,4346.7,82.9,2.8,2,6989.3,65.4,2.7,11.3,37539,2325.2,0
28.6,207.1,1315.6,9,49.6,421.9,6.7,72.5,115.1,5.2,229.6,3256.3,3433.5,17482,10.5,3215.3,11904,9007.7,2545.5,35146,8.3492e+05,1.2797e+05,86573,78306,140.7,44205,24969,31.4,8284.9,1443.4,15,2755.5,1437.5,3222,7647.9,7.5,57331,7.5,90.7,6.4422e+06,6.7819e+05,17846,90,244.5,22.1,3175.6,6.2179e+05,3.1308e+06,2595.7,1.6192e+05,7.4356e+06,1020.6,25.7,1.8196e+05,34.8,554.3,40818,17.2,28.5,591.6,12912,211,7.4,33.9,7480.2,69.2,59.9,13.7,58614,4408.7,0
41.1,151.9,2164.6,8.3,178.9,688.9,4.6,58.3,932.3,1.4,334.2,2490.7,6726.4,15031,10.6,1948.2,10900,7344.2,10166,39341,9.5337e+05,1.4364e+05,1.3663e+05,75780,1221.8,43541,21371,995.2,7266.3,1824.2,8.6,3453.3,473.2,4020,4256.7,8.9,42499,5.7,40.7,4.2944e+06,8.0507e+05,24915,74.6,251.7,22.1,5035.4,1.0884e+06,3.9226e+06,4502.8,1.0132e+05,1.0696e+07,1358.5,146.3,1.0409e+05,75.1,76.3,11935,18.7,48.5,512.2,23272,79.3,3.8,2.2,6894.6,178.2,4.3,14.5,40801,2579.1,1
47.6,8.7,1546.8,7,190,949.7,3.5,57,115.1,3.5,271.3,3011.4,4177.3,21380,1.3,3443.8,8282.1,3098,24452,29079,1.3095e+06,1.0195e+05,96253,31209,58.1,78211,24586,2301.8,5577.6,1189.9,17,1289.1,4101.8,2149.8,2991.7,7.5,4630.4,6.8,83.7,2.2035e+06,6.319e+05,2891.9,82,205.8,17.5,3138.9,2.2262e+05,4.3771e+06,3626.1,1.2667e+05,2.6277e+07,806.4,15.8,95776,38.4,66.7,28360,8.2,13,520.5,5188.6,24.1,2.5,2.6,5508.8,21.5,37.6,3.8,39836,3315.1,0
30.1,275.3,2119.6,85.2,140.1,1187.4,7.9,162.4,944.6,8.3,337.2,1441.3,4970.2,14148,54,4305.3,5876.8,6874.6,42556,53197,9.5414e+05,1.4143e+05,37653,41604,63.7,64764,11721,3347.3,6195.9,8384.2,10.9,7167.3,8887,4283.2,2981.5,7.7,20566,8.9,39.1,3.0138e+06,5.9813e+05,8243.5,29.3,217.7,19.1,5291.7,9.0546e+05,3.7973e+06,3026.1,1.7822e+05,2.3389e+07,1694.4,10.7,1.7923e+05,35.5,34.6,31454,14.8,42.9,414.7,7769.3,65.5,18.1,85.5,8866.5,138.2,26.8,8.8,80550,4814.8,1
19.8,445.5,1922.7,15.6,245.8,738.4,4.5,58.1,49.9,13.4,282,2727.1,5274.3,17886,56.2,5318.3,6575,29652,14377,25752,1.135e+06,1.2522e+05,2.6235e+05,47027,264.4,1.4151e+05,15712,1149.1,3489.6,126.9,96.2,10166,611,1519.1,29521,8.7,23164,14,62.6,7.9348e+06,1.0039e+06,13032,105.2,341.9,26,7004.4,6.3897e+06,3.1168e+06,5834.8,4.452e+05,1.5151e+07,1072.8,295.6,1.2803e+05,32.8,126.7,29950,20,42.9,705.6,14120,83.5,3.2,2.7,5715.6,65.3,25.5,10.4,62315,3039.3,0
30.1,422.3,3893.2,14.5,52.6,368.1,2.7,184.3,238.2,4.9,369,3571.2,5282.6,19704,52.5,1842.6,10281,4326.1,4072.1,36176,8.269e+05,1.395e+05,31194,25137,148,11170,3860,4011.6,9212.1,155.7,36.2,13907,671.8,3475.1,1907.9,7.7,15652,22.3,53.4,5.1074e+05,5.8501e+05,369.3,54.5,217.7,20.5,13364,2.056e+06,5.4621e+06,3854.5,57852,1.4513e+07,1533.5,18.2,2.2563e+05,91.6,330.3,8705,60.7,148.3,524.3,33116,46.7,6.7,22.6,1824.8,356.4,89.8,21.8,29406,605.9,0
28.3,149.8,1186.7,4.3,122.8,355.6,2.9,33.4,290.2,84.1,702.2,1825.3,4156.4,11056,19,1558.1,8727.7,4454.4,12818,20790,7.9149e+05,69861,17672,16112,207.2,9254,4906.7,1321.3,11174,1315.7,10.1,2310.4,132.6,4592.3,1506.3,8.9,2022.4,7.2,20.8,2.2456e+06,6.4915e+05,3015.7,104,297.8,28,1264.9,2.0472e+06,3.9906e+06,1011.5,40837,1.5318e+07,710.1,24,1.4214e+05,66.9,2.1,5123.6,17,51.1,703.8,20858,330.7,1.7,3,1668.6,58.1,4.8,3.4,75044,1433.4,1
30.1,130.5,2755.5,3,123.3,726,9.5,142.5,650.9,8.1,313.2,250.4,7089.1,1901.2,0.4,808.9,11860,6549.3,15363,48599,1.3132e+06,1.8631e+05,50252,46047,100.2,10260,5784.3,1799.1,11056,282.8,25.5,650.1,4260.7,988.5,6684.1,7.1,15015,0.4,80.1,3.8938e+06,4.1768e+05,10928,36.4,201.4,21.9,552,4.1664e+05,5.1332e+06,5951.9,2.0822e+05,1.0549e+07,1793.2,19.7,1.7403e+05,31.9,478.4,24080,10.3,17.1,485.5,262.3,70.7,3.5,3.5,6562,163.6,16.6,2.4,81677,3309.4,0
35.5,47.5,13512,5.6,64.2,441.6,11.4,71.6,1318.9,8.6,305.2,1678.5,7587.4,22573,19.3,1649.7,11225,8770.3,1.3109e+05,58327,7.9999e+05,1.384e+05,87138,41790,327.4,1.2547e+05,2.1439e+05,3125.9,46518,8625.2,10.2,48932,13484,6112.5,12030,7.1,37861,5,30.4,3.1355e+06,1.0098e+06,26564,41.8,201.4,17.7,13401,8.1631e+05,6.1848e+06,14493,2.3659e+05,1.9577e+07,5914.7,43,1.1725e+05,74,200.4,34584,13.7,23.6,414.7,3989.2,204.5,33.7,51.3,6771.5,312.7,130.8,107.9,38408,2942.4,1
40.3,46.6,2887.6,6.7,95.3,491.6,9.1,57.6,507.3,4.3,333.2,1530.8,5977.1,11721,8.3,614.2,5508.8,7488.8,18008,32907,1.1563e+06,1.5423e+05,42139,20397,84.6,2.9819e+05,41961,1929.9,23765,706,19.7,19493,1052.1,2185.4,2621.2,7.5,11286,5,68.9,1.99e+06,4.7317e+05,1476.6,82,225,19,2051.4,3.2556e+05,3.551e+06,7556,1.6443e+05,1.7747e+07,1677.1,19.9,1.9306e+05,64.6,207,20387,46.7,97.8,566.8,50429,22.2,2.3,2.1,2810.5,144.7,5.4,7.9,32132,1458.2,1
45,196.3,2655.5,6.6,218.1,1125.7,5.2,148.9,449,4.8,334.2,2661.4,8304.7,16963,1.8,2775.6,9406.7,5087.3,19745,68849,1.2951e+06,1.3827e+05,3.0519e+05,67581,259.5,10082,9300.7,4431.1,12023,86.2,13.7,3787.4,2638.9,1630.3,15928,25.2,16761,21.9,33.5,6.0057e+06,8.8291e+05,18805,64.9,251.7,22.1,3039.3,1.4847e+06,4.5817e+06,9259.7,3.7248e+05,1.1993e+07,2017,112.4,1.2062e+05,45.1,308.6,18966,9,21.3,568,3705,210.2,2,2.1,7532.2,142.5,47.7,9.3,61210,4011.4,0
40.3,274.7,1147.3,16.7,163.7,773.4,5.4,60.8,681.4,6.5,250.5,4129.7,4217.9,26109,44.1,7839.2,8970.9,7137.8,3983.4,42356,1.2675e+06,1.9781e+05,51261,37135,129.8,9486,2060,4292.1,7055.8,763.9,20.9,7611.6,2878.1,3255.8,4955,6.5,13946,29.3,37.1,3.5586e+06,6.7429e+05,4443.8,78,244.5,19,4513.5,4.3775e+05,4.0064e+06,4125.5,2.0927e+05,2.3651e+07,1210.9,26.4,1.7431e+05,42.2,2.1,26388,48.3,83.9,675,22329,63,4.1,22.4,6281.7,73.9,82.7,10.4,47634,3639.4,0
237.4,69.8,1027,0.9,172.6,560.8,4.2,43.2,276.4,3.3,291.3,1709.8,4194.8,16644,15.8,3356.8,10787,4308.6,53197,39341,8.1956e+05,1.443e+05,2.1412e+05,36207,568.4,46697,40065,6871.2,66952,4.7,3.2,2565.7,1236.6,2129.6,13001,10.5,3897.3,4,80,3.302e+06,5.3225e+05,15227,89.2,251.7,25.9,1310.4,4.5125e+05,2.6645e+06,10003,2.5212e+05,2.3488e+07,1004.4,120.6,1.4584e+05,75.1,90.6,8948.8,14.5,32.2,370.6,1627.1,66.9,3.2,16,5431.2,76,6.9,4.9,47182,2126.4,1
34.1,140,1179.4,0.9,155.7,756.5,4.1,46.1,365.4,5.8,292,2519.8,5723.8,20490,13.4,13462,7571.4,4064.4,8080.6,74729,1.2245e+06,1.4693e+05,2.5181e+05,52873,121,92807,24435,2094.4,6806.2,2552.2,7.2,1932.6,2016.3,2623.7,18874,6.5,18489,5,43.5,4.4514e+06,6.9742e+05,19374,74,205.8,22.1,3450.7,4.3163e+05,4.1557e+06,5617.5,3.0705e+05,1.2068e+07,1194,30.5,1.3905e+05,46.3,165.9,17244,15.6,46.7,566.8,6527.9,230.2,21.4,57.1,10655,161.1,82.7,17.9,60338,4674.2,0
31.9,230.8,1424.1,4.2,415.1,1774.9,0.9,26.4,520.5,3.6,323.2,1822.6,5778.2,16804,1.6,2593.1,10480,7975.8,7023.7,28199,7.4284e+05,97344,6.227e+05,61025,166,14130,5243.2,1119.4,10525,913.7,5.6,2962.3,1511,1616.3,30375,8,5641,12.5,30.7,9.3499e+06,1.3303e+06,13053,113.6,293.6,27,7740.5,1.1337e+06,4.7866e+06,5640.7,4.3593e+05,1.3572e+07,1291,12.6,80396,44.5,1.2,27348,8.3,37,628.4,3405.8,247.7,24.5,2.8,7813.8,111.2,4.5,26.3,30313,2990.1,0
49.4,241.1,1898.4,3.5,267.8,1462.3,2.8,35.9,160.3,4.3,334.2,1481.2,5157.9,11905,25.4,7911.2,17140,10001,8342.8,90634,1.0315e+06,1.7937e+05,2.8689e+05,62904,108.8,6676.5,3876.6,2394.2,7217.8,103,4.2,3183,978.8,2060.7,11639,8.9,1039.9,0.9,34.4,7.0052e+06,8.229e+05,10.3,74.6,229.2,20.3,2707.6,2.328e+05,3.8409e+06,11322,5.5741e+05,1.6265e+07,1462.7,45.1,41857,37.3,36.8,17324,25,48.5,414.4,27278,32.2,3.3,14.4,5808.5,124.9,56.3,21,83067,1932.6,0
34.1,155,1294.9,89.1,265.8,713.5,4.7,73.7,297.4,22.9,394.1,2797.9,4395.4,26550,3.4,2348.2,11256,6212.7,14446,43758,1.2739e+06,1.2495e+05,1.1241e+05,52063,338.5,5991.6,3083.3,3314.1,9611,2779.5,7.2,2179.5,2143,4622.9,6037.1,8.6,12272,129.1,191.3,1.1126e+06,6.2766e+05,11623,86,225,17.5,2826.6,1.9851e+06,5.5441e+06,3163.6,3.635e+05,4.1873e+07,798.3,27.4,2.2295e+05,38.4,2499,7401.2,13.3,23.1,566.8,2540,42.6,2.8,2.3,2529,59.9,69,5.1,32580,984.7,1
41.1,183.8,1253,0.9,330.5,1110.6,1.8,62.2,262.4,2.6,334.2,2109.8,4210.1,19542,19.4,13488,8092.5,3161.1,10616,1.7361e+05,1.2027e+06,1.1431e+05,3.5402e+05,49378,596.5,61435,10748,1757,10227,423.1,6.5,1603.1,6716.2,1497.2,13072,8.9,37353,3.4,64.1,4.5589e+06,5.6925e+05,35532,62.5,251.7,24.9,1128.1,1.6302e+05,3.8412e+06,5206.7,3.1065e+05,1.2992e+07,791.5,94.3,62016,41.1,54,12839,17,37.2,370.6,6175.5,73.2,2.8,2.3,9023.1,78.6,60.7,8.9,42595,3175.3,0
41.1,381.6,1508.5,5.5,415.9,2017.8,7.8,47.9,694.8,24.4,312.8,3087.9,5547.6,24505,27.2,11734,13115,5483.7,16720,31071,1.0842e+06,1.0211e+05,2.7114e+05,54202,408.2,1.2039e+05,55281,324,14208,5208,8.6,1390.8,3310.2,3307.9,17251,8.9,10626,6.3,27.9,1.6492e+06,8.0307e+05,5214.3,64.9,274.5,22.1,3094.5,4.4823e+06,5.8947e+06,7178.9,5.7229e+05,1.7384e+07,773.9,18.5,92724,45.1,661.9,13901,20.4,63.2,512.2,62234,165.2,14.3,71.2,8734.7,180.3,5.1,22.3,79014,3626.1,1
35.5,259.9,2340.5,5.3,305.8,804.3,8.2,71,446.7,7.8,629.9,2099.3,7866.5,16792,27.8,3288.4,10309,8822.5,1.1371e+05,31037,1.1412e+06,1.6638e+05,5.5674e+05,46763,597.5,60212,21370,1743.1,6139,2066.2,8.6,6137.3,6632.9,2974.5,23755,10.7,25862,5.5,27.5,7.4189e+06,5.8468e+05,24052,25.8,185.3,17.7,2405.7,9.3445e+05,3.0775e+06,11627,4.0666e+05,2.1548e+07,1198.7,34.6,1.9405e+05,31.9,414.5,27060,12.5,23.6,382,16323,108.8,28,12.7,4888.4,106.4,103.4,12.1,48930,2554.3,0
35.5,62.4,1132.2,2.7,66.8,962.1,2.2,74.7,383.8,10.9,369,2267.7,2928.4,17403,29.5,2617.9,10445,15899,46031,35454,8.5851e+05,84306,2.1777e+05,42818,58.6,8289.9,14557,2577.5,33074,100.1,161.1,3259.7,1561.6,1483.3,6314.6,7.7,7956.6,8.2,96.7,4.1731e+06,6.5632e+05,16268,54.5,234.1,20.5,1193.3,4.5962e+05,3.6848e+06,6244.3,2.2737e+05,3.4123e+07,703.1,42.2,1.4794e+05,91.6,1.6,26632,18,57.2,566,1.0487e+05,305.5,7.7,92.8,10688,128.5,2.6,50.5,92159,3060.3,1
1249.6,1553.9,3942.2,39.5,367.6,1889.3,6.5,129.5,1102,26.4,400.5,3483.7,4680.5,21686,81.6,2442.3,5779.5,11302,1298.9,83625,1.309e+06,2.2717e+05,41336,72341,71.2,58455,16812,5700,4489.8,39.7,19.9,10809,4269.7,2974.5,4951.5,5.6,28767,81.6,185.2,4.8621e+06,5.4541e+05,23777,29.3,201.4,19.1,583.1,1.306e+06,5.8615e+06,4902.2,1.8761e+05,2.3399e+06,1159.3,422.2,1.5516e+05,428.9,838.5,17804,551.4,616,431.6,17336,299.1,33.7,31,11206,148.8,67.6,23.5,81735,3959.3,0
35.5,619,3513,25.7,25.3,618,8.7,343.7,1058.9,5,747.5,1150.4,15899,17765,13.7,1437.4,5828.3,13064,13405,53197,6.1155e+05,93651,5.6936e+05,54121,1334.1,8893.7,2496.2,3365.3,10980,682.1,5.2,10943,4710,3503.7,26487,6.5,4399.7,11,26,1.8656e+06,7.5755e+05,25945,40,185.3,20.5,1193.3,5.4083e+07,4.2695e+06,10249,6.4523e+05,5.2219e+06,1528.2,85.1,1.3885e+05,31.9,290,5472.4,19.7,29.2,449.1,37989,157.4,11.7,12.7,8661.6,64.7,5.6,18,43734,4001.4,1
41.1,208.7,1084.9,0.5,227.2,1159.4,3.2,79,144.8,5.2,258.7,2076,2834.7,22930,100.6,2782.5,8489.1,5624.2,18218,55689,7.8545e+05,18209,1.4648e+05,48087,103.2,36902,16142,1405.9,4056.4,1315.3,4.2,4164.1,10343,1991.6,9057.1,11.6,12848,4.5,48,7.6784e+06,7.4698e+05,23255,67.3,251.7,20.3,2074.5,3.709e+05,4.6015e+06,4273.8,3.2984e+05,1.8413e+07,348.9,129.8,1.2741e+05,231.1,0.6,17616,19.1,53.6,461.3,8208.9,134,2.4,3,9679.6,58.1,14.4,25.2,47108,3257,0
34.3,44.4,1815.5,2.1,293.6,1771.1,6.9,80.8,331.1,6.1,418.8,2833.4,4725.6,17069,8,7462.1,11732,42581,22403,29842,1.3029e+06,96420,1.524e+05,42220,100.3,73976,25277,1605.6,9742,1283.3,10.9,4097.1,3049.6,6551.4,10842,10.5,20344,3.7,40.7,1.3735e+07,7.1036e+05,16884,79.4,251.7,24,2208.2,7.5115e+05,5.2998e+06,8953.2,3.6044e+05,1.5874e+07,1335.5,61.6,1.1885e+05,45.1,35.4,34504,12.1,28.4,461.3,13914,97.1,2.8,2.1,7123.1,136.4,47.7,10.9,69235,3589.2,0
2862.8,1419.1,10185,0.4,350.4,1743.2,4.3,101.8,533.5,3.8,323.2,2309.4,5343.4,16764,8,2769.8,6125.4,5548,20327,23240,1.0358e+06,1.1591e+05,89608,18579,29.2,8290.5,6973.9,4126,3593.2,18.3,11.1,4603,1032.7,3090.2,4242.1,9.5,2605.3,3.3,45.8,1.7812e+06,9.9361e+05,946.7,108,317.6,26,5392,1.8049e+05,4.1981e+06,2948.1,1.7772e+05,1.61e+07,1212.5,2261.3,76826,2696,2,12366,2200.1,1827.3,628.4,9150.2,70.1,2.7,2.1,3994.1,63.3,7.9,12.2,22027,1542.3,0
30.1,117.5,1601.6,37.2,132.8,781.2,4.5,42.7,615.8,15.5,313.2,2065.3,4507.7,15482,25.2,2509,10842,5883.6,5123.7,1.1349e+05,9.439e+05,1.2727e+05,3.5432e+05,36706,1293.5,7723.3,7395.4,1766.7,8300.9,376.5,2.6,1370.5,1744.4,1299.6,21372,4.7,21529,65.2,75.2,3.5399e+06,6.7877e+05,6609.6,47.3,193.3,19.1,3560.2,1.2904e+06,5.225e+06,7827.9,4.3299e+05,8.3238e+06,1177.1,27.2,1.9006e+05,31.9,209.2,10494,12.5,47.9,566,8774.8,342.3,74.6,68.2,8446.2,195.7,67.6,19.6,63396,3440.9,0
34.1,299.8,2488.4,6,289.3,1743.1,4.3,72.2,291.1,15.9,5615.4,2023.4,5529.6,13712,7.7,2028.6,10775,11570,35900,1026.5,9.3131e+05,1.6799e+05,2.5554e+05,63868,277.2,7702,4000.4,2828.3,11246,332,19.7,15896,4570.2,6707.1,14639,7.5,6582.6,9.5,28.9,7.7976e+06,6.1542e+05,37804,68.1,225,20.5,27330,2.3545e+06,5.3949e+06,4708.5,3.0417e+05,8.218e+07,1764,61.7,1.8617e+05,46.3,71.4,30009,11.8,20.8,437.8,2261.7,146.1,3.1,17.4,6790.5,134,6.5,14.5,59302,4686.8,0
41.1,138.9,1208.9,5.5,386.2,2275.3,5,65.4,276.4,7,312.8,1973.3,4665.5,17756,1.4,3312.6,11012,14806,2766.2,34680,9.4517e+05,1.2304e+05,3.5752e+05,55448,181.5,6565.4,5857.7,1999.5,9450.9,311.6,11.2,2126.4,1930.1,4047,19435,8.9,11206,1.5,33.5,3.0327e+07,9.6066e+05,43765,64.9,297.8,24.9,8947.6,8.1406e+05,5.6466e+06,8276.4,3.4504e+05,8.444e+06,987,75.9,1.6071e+05,49.6,6.7,29198,12.9,37.2,512.2,1335.9,92.8,3,12.7,9702,71.5,43.4,11.7,60529,4347.4,0
47.6,538.9,2095.7,1.2,364.8,1364.8,8.2,75.8,278.4,8.9,363.7,2275.1,3937.7,18706,11.7,5247.1,7189.4,13992,7682.9,96933,8.7376e+05,2.1752e+05,92013,1.1022e+05,24.1,9732,6760.4,6371.5,7919.9,87.3,9.7,2488.2,5826.9,3905.4,5310.5,6.5,4251.5,4.6,62.6,1.4883e+07,7.3396e+05,18092,66.1,225,20.5,2199.6,1.8891e+06,5.353e+06,5540.4,3.0675e+05,3.9633e+06,1338.3,172,1.2618e+05,61.4,89.2,31186,30.2,46.7,566.8,1433,549.3,26,33.2,13251,113,69,32.3,11595,6259.7,0
260.6,274.7,1566.4,10.5,270.1,1285.3,2.9,99.6,226.5,4.2,250.5,2162.5,2252.2,18239,9,6203.4,9379.7,23086,13283,63604,1.3284e+06,1.4562e+05,1.2736e+05,64019,134.2,47374,25889,3687.6,6671.8,287.4,15.3,11181,1193.4,1409.9,4229.8,5.7,6203.9,11.9,65.7,6.2764e+06,8.0293e+05,9616.5,78,205.8,19,2107,2.6903e+05,4.9293e+06,3743.8,1.6814e+05,1.9649e+07,1301,144.7,1.7492e+05,76.4,1.2,35182,87.2,163.1,437.8,25191,40.9,1.7,1.3,5298.4,85.4,42,4.6,20789,991.4,0
20.4,132.3,1247.5,2.9,435.9,1639,3.7,43.5,234.1,10.8,312.8,2380.6,6747.7,18677,5,4468.1,9051,5153.7,19252,58794,8.7913e+05,1.7649e+05,22723,42270,350.4,5576.6,6228,4768.9,4494.9,520.3,18.3,3242.9,1500.5,4244.7,3931.9,7.6,2198.9,1.5,17.6,6.0541e+06,8.0325e+05,11752,60.1,251.7,28,11387,6.9021e+05,5.4587e+06,3397.1,1.234e+05,2.0629e+07,969,30.8,1.169e+05,33.7,5.3,38323,9.8,25.3,512.2,4260,53.4,2.5,1.8,7736.7,51.8,160.5,5.2,55278,4116.3,0
41.1,507.1,2548.5,2.5,164.9,1574.6,4.9,73,682.9,7.1,291.3,2420.3,3046.5,23342,65.8,1761.9,9749.3,9708.2,21929,35861,1.025e+06,1.084e+05,2.5487e+05,75266,163.2,88843,22524,33.5,21747,341,11.6,13920,355.1,220.5,18736,7.6,14618,21.9,74.7,1.4104e+07,7.1362e+05,20773,57.8,251.7,20.3,1151,1.3542e+06,7.1474e+06,6346.2,5.0758e+05,2.5008e+07,946.3,54.9,84520,49.6,23.3,22872,48.3,115.4,461.3,30106,103,3.2,2.5,6897,24.3,45.5,20.6,60058,3354.5,0
23.7,165.6,1392.2,10.7,197.7,887.4,3.7,100.7,67.3,7.8,394.1,2669.4,7415,21644,15.3,6575.6,18216,12330,8979.3,89502,1.4309e+06,1.5627e+05,18056,32719,100.8,90448,25094,1226.3,8131.2,740.4,35.7,6059.4,1320.5,4960.6,1718.8,5.7,3751,13,30.6,2.0721e+06,7.963e+05,2069.5,82,225,20.5,2707,1.6954e+06,5.0633e+06,3456.4,1.4929e+05,3.9252e+07,320.3,21.1,1.3378e+05,84.6,1.1,16091,14.9,44.2,477.7,16035,81.4,2.4,2.3,5009.9,88.2,82.7,31.5,44554,2315.4,0
34.3,179.6,1508.5,7.4,193.7,1068.6,3.7,50,712.5,7.9,312.8,3482.6,3792.9,20101,10.5,1068.2,10281,6042.4,3095,52536,1.0177e+06,2.2421e+05,1.712e+05,75023,108.8,8730.4,870.9,2348.6,4543.6,13.7,7.8,1855.3,2443.1,2670.3,6987.8,6.6,8189.8,3.4,56,6.1708e+06,7.1271e+05,12400,64.9,274.5,25.9,51.6,1.7139e+06,3.5035e+06,5920.8,3.1631e+05,1.4176e+07,1283.6,7.1,1.2189e+05,45.1,0.9,25550,12.9,32.2,461.3,7442.4,49.2,1.8,1.9,7501,81.2,26.6,6.9,38536,3179.7,1
20.7,20.5,1460.1,7.7,121.6,726,3.4,53.9,152,3.2,337.2,3254.6,4483,22824,1.4,4009.4,9241.4,4375.7,29671,31037,1.3085e+06,1.0703e+05,93897,26347,53.4,75216,28664,2601.3,5172.3,1042.9,23.2,1582.6,4140.3,2221.1,3775,6.5,3906.3,6.6,74.5,2.1072e+06,6.4034e+05,3357.3,40,217.7,19.1,1927.8,2.3373e+05,5.0068e+06,4148.2,1.2894e+05,2.2358e+07,916.3,20.1,1.7791e+05,31.9,63.1,46883,9.5,17.1,431.6,4074.7,29.1,5.7,11.8,6197.4,61.5,135.4,6.3,42488,3331.3,0
41.1,162.7,2094.2,19.7,215.1,1740,7.1,112.6,283.3,11,376.7,2768.3,6392.4,23300,7.4,3041.3,7886.7,7808.9,24212,37031,1.3802e+06,4.5514e+05,1.8499e+05,51662,136.4,63694,30100,1448.3,7047.8,1040.7,10.5,4682.4,6298.9,4155,8358.6,5.6,27494,16.7,58.7,7.0676e+06,8.6455e+05,18716,69.7,207,22.1,2895.6,2.5636e+06,7.2918e+06,5643.8,2.7188e+05,1.2915e+07,1479.7,52.9,1.6186e+05,41.1,135.7,27812,29.8,58.5,512.2,21376,135.6,2.7,3,7812.7,126.3,103,14.5,56509,3663,0
364.4,330.3,2702.4,9.9,149.5,1105.1,5.8,77.3,239.6,3.6,292,2945.2,5025,22248,63,2001.8,10451,16924,6657.5,68607,1.6643e+06,2.1638e+05,41169,74595,84.6,8514.4,5379.2,1656.4,9226.5,39,24,2673.8,3901.9,2149.8,4712.4,7.5,4125.2,13.4,64.2,4.0989e+06,6.8058e+05,11069,78,244.5,22.1,35384,5.5627e+05,4.576e+06,3422.2,2.2912e+05,1.4354e+07,1074.6,30.5,73989,42.2,0.8,24650,93.1,215.8,566.8,947.4,226.4,12.6,6.5,7218.4,62.5,4.1,15.4,46463,3200.1,0
143,51.8,671.1,3.8,243.2,798.4,2.8,52.3,59.7,5.6,302.4,1936.2,4111.1,16818,2.5,4022.9,9707.1,13862,31172,45838,1.314e+06,1.3299e+05,48323,53422,70.4,57527,13314,3916.6,16422,779.7,4.4,1802,3640.3,2238.6,4510.9,6.5,1441.3,4.3,33.8,3.3527e+06,5.5696e+05,13926,90,304.5,25.4,1322.7,6.0428e+05,2.9695e+06,2357.3,1.8117e+05,1.5056e+08,476.1,34,1.4097e+05,34.8,1,18594,8.9,16.7,741.9,5154.2,21.1,3.8,14.9,6436.1,41.6,10.1,7,29634,3032.1,0
22.9,166.9,1883.8,15.3,86.2,1435.3,5.7,67.3,317.6,8.6,501.7,1486.1,2351.5,12997,41.8,2854.1,12509,14758,4227,49330,8.0358e+05,2.177e+05,61158,46233,274.2,64844,37042,4655.2,5176.4,1110.2,30.5,23551,3578.6,4307.3,6081.7,8.9,44870,9.5,67.6,6.6759e+06,9.4795e+05,15091,74.6,274.5,28,2829.3,8.6727e+06,4.8481e+06,7442,1.9929e+05,2.46e+07,939.8,107,89318,54.5,103.6,26478,49.4,113.7,512.2,43271,57.8,3.3,32,6011.1,70.9,10.4,11.7,44450,2647.4,1
41.6,346.4,2102.3,7.5,271,677.1,5.2,50.4,371,72.1,321.2,2605.2,7677.3,24566,36.2,3709.2,9241.4,10167,43115,60847,6.8362e+05,1.2534e+05,3.9371e+05,53624,550.6,55474,14123,2815.5,62885,638.8,4.8,19766,1969.8,5631,40416,9,8292.2,4.4,44.8,3.2089e+06,9.8086e+05,20070,88,217.7,21.9,2480.4,5.1773e+05,3.7261e+06,7433.1,4.7074e+05,1.2582e+07,936.4,158.6,2.0026e+05,39.4,163.2,5970.1,36.6,108.7,566,1.7423e+05,171.9,69.6,66.9,10394,276.9,43.7,44,63239,3183.4,1
41.1,492.8,1781.1,103.1,277.1,1006.1,3.4,56.3,647,33.1,291.3,3367.4,4400.8,22306,59.4,5388.4,10711,5001.8,14609,48249,1.0782e+06,1.5499e+05,8.0904e+05,61751,399,6366,4043.2,2452,12144,10.9,27.2,4735,1686,2021.3,38022,7.6,8988.8,153.8,135.5,8.838e+06,7.9989e+05,33810,60.1,297.8,22.1,4263.2,2.2631e+06,5.0747e+06,11851,5.5605e+05,7.4496e+06,1249,136.8,1.7899e+05,54.5,227.1,21087,65.5,141.1,461.3,15511,95,2.9,18.5,9686.1,93.6,87.2,7.7,72008,4323.9,0
143,380.8,2453.7,5.6,235.6,1397.4,3.8,109.6,564.4,5.2,271.3,1286.5,5380,11039,0.7,2055.5,5947.7,1330.9,4155.8,1.0031e+05,1.1743e+06,1.4298e+05,40516,45825,105.4,7951.1,3955,1117.5,6748.6,516,8.1,2971.1,3091.1,5279.7,4450.5,6.1,14510,6.8,35.4,4.01e+06,8.4957e+05,4365.1,84,284.3,22.1,20276,5.7343e+06,5.9819e+06,4141.9,1.197e+05,3.2047e+07,1530.1,14,37075,220.5,2.3,20099,58.5,189.1,617.7,1708,125.7,1.9,2.2,5135,151.1,37.6,4.9,41760,2925.2,0
14.5,196.6,1501,40,296.8,2078.3,6.7,34.3,215.5,18.9,363.9,2861.7,3470.5,22075,46.2,2825.8,10006,7456.3,9684.6,41892,1.2082e+06,1.4929e+05,4.3604e+05,66907,1009.2,16670,3791.7,4029.3,1.2177e+05,1333.5,12.7,7144.3,3218.5,1584,24239,8,4261.5,25.5,73.7,7.0172e+06,8.5896e+05,31448,102.4,341.9,28,6896.8,1.0804e+06,3.3e+06,6749.3,5.02e+05,1.3618e+07,1001.1,30.7,93968,17.1,126.7,11244,5.6,13.5,705.6,18270,598.6,48.3,34,7521.4,75.6,81.7,16.1,73973,3609.7,0
34.1,95.3,1862,6.3,130.1,704.7,1.3,114.8,252.6,4.9,271.3,12266,4567.3,2.8382e+05,7.1,1969.2,7276,36747,3701,1.2483e+05,1.4728e+06,2.3443e+05,1.7455e+05,71891,45.4,6305.4,2393.2,2819.1,7727.9,10,88.9,4226.8,873.2,2432.2,6346.3,5.7,17807,8,52.3,4.723e+06,6.5574e+05,6588,74,225,19,3359,9.3178e+05,3.7235e+06,4612.4,3.6641e+05,1.5369e+07,917.9,32.9,1.2131e+05,109.4,45.6,25961,26.5,66.7,520.5,23496,92.8,2.6,2.3,2601.6,88.2,5.4,26.4,54288,2900.6,0
25.2,217,1536.1,27.2,211.5,901.2,7,91.9,580.3,10.1,289,2205.3,6114.2,18839,7.8,260.8,8102.4,7739.4,15347,87636,1.0075e+06,1.6062e+05,1.0013e+05,64405,279.9,66921,25798,4856.8,8035.2,129.8,6.1,3985.6,5642.5,3245.4,4688.4,7.7,15467,38.9,56.2,4.8724e+06,4.9963e+05,16010,29.3,217.7,19.1,1875.5,3.405e+06,3.8994e+06,5307.3,1.546e+05,1.9062e+07,1394.7,17.4,2.0112e+05,28.5,112.9,30984,30,23.6,449.1,5850.8,110.7,28,33.2,8740.8,176.4,135.4,26.4,98623,4506.4,0
48.9,294.2,1892.4,28.7,123.7,1545,3.5,65,532.4,11.3,337.2,2004.8,5438.2,16042,1.4,3907.2,11522,8568.5,12344,77219,8.726e+05,1.6596e+05,65918,39856,156.8,6172.3,5553.3,668.7,6537.1,1383.1,90.8,2302.6,2131.6,3168.3,4371.6,47.2,10598,41.8,128.3,3.2572e+06,3.9891e+05,3447.8,29.3,185.3,22.7,6172.4,1.692e+06,4.5424e+06,3528.3,1.2101e+05,4.1207e+07,1214.7,12.6,1.4697e+05,154.5,63.1,30289,23.1,118.1,485.5,945,32.9,4.2,16.2,8594.7,138.2,83.1,9.2,32580,5044.2,0
49.4,175.4,3405.1,57.9,162,824.2,8.5,87.2,730.3,23.6,355.5,2150.7,6761.8,15767,11.4,4390.4,14308,8154.7,38179,24779,1.1326e+06,1.2582e+05,47565,32930,274.2,88552,71320,3048.7,11198,1349.6,79.4,9737.6,5851.2,4786.9,3813.2,10.5,62724,38.5,90.5,8.0048e+06,5.6697e+05,11414,69.7,274.5,28,5510.6,6.8424e+05,5.511e+06,6195,1.4935e+05,1.8838e+07,2149.1,54.6,1.6375e+05,33.7,65.9,25498,12.9,48.5,461.3,5134.4,91.3,2.9,12.7,5892.3,250.1,30.7,13.7,56535,2136.7,1
30.1,108.7,1573.6,2.6,233.9,1680.6,2.9,83.8,90.1,6,305.2,2643.4,5272.9,21252,24.1,1400.2,5477.1,6072.6,1404.7,47933,9.6866e+05,1.1771e+05,1.0345e+05,42409,68.7,10181,3259.5,2088.4,6404.4,267.2,1.9,1745.2,3068.1,1211.9,9070.3,7.7,9651.7,2.5,34.7,8.6154e+06,6.8924e+05,7274,34.7,234.1,21.9,5384.5,6.9293e+05,6.0713e+06,3935.1,1.8781e+05,5.1348e+06,944.2,17.5,2.0609e+05,43.6,27.4,27168,24.9,65.7,524.3,7521.8,195.1,40.7,67.6,9653.5,153,61,22.2,79745,4072.2,0
41.1,257.1,2192.6,30.2,283.7,1360,3.2,90.4,371.1,10.9,291.3,3695.3,4071.8,26452,8.6,4673.1,10400,11422,45338,70811,1.0065e+06,2.6275e+05,33256,1.1252e+05,131,23532,7865.7,2911.5,25017,307.6,10.1,3949.4,3680.8,3857.2,4823.5,8.9,5294,24.1,40.7,5.0734e+06,5.9897e+05,15885,79.4,207,24,11527,2.6263e+06,4.529e+06,3569.3,1.428e+05,8.4778e+06,752.8,24.7,63685,83.5,40.8,37898,14.5,103.3,512.2,6015.6,105.5,2.1,2.5,9154.8,60.7,58.5,2,58912,4165,0
49.4,67.3,1646.4,9.1,201.8,974.2,3.6,48.6,262.4,4.4,334.2,2448.8,4680.6,21387,31.9,5809.9,11450,11355,18678,57764,1.1664e+06,1.2375e+05,2.9467e+05,48074,197,9911.9,56.6,2954.2,5419.6,152.4,11.6,7188.7,1093.2,823.3,10469,8.9,7272.2,6.6,37.1,3.9202e+06,7.1576e+05,9657.6,69.7,251.7,28,3888.5,2.7502e+05,6.4134e+06,7031.8,4.2757e+05,3.1349e+07,612,56.9,1.3597e+05,60.2,56.7,18576,43.9,99.7,392.1,24331,132.8,3.8,2.7,9670.2,148,141.9,18.2,55432,4509.6,0
34.1,140,2340.3,7.5,274,847.5,5.6,104.4,377.6,6.7,208.5,1026.6,899.7,10574,1.3,2340.5,8013.3,3124.7,7374,34404,9.3879e+05,70754,1.0488e+05,27901,160,2126.6,94.3,2027.4,17217,568.4,3.3,1526.4,889.1,6380.8,3237,7.5,8836.1,3.9,49.9,2.1274e+06,6.7288e+05,3559.8,84,196.3,17.5,2789.8,1.3855e+06,3.7619e+06,3058.9,1.6192e+05,1.5669e+07,1050.9,23,1.3256e+05,50.7,15.6,15463,11.1,23.1,566.8,21234,40,2.1,1.9,3460.5,123.5,28.9,4.6,54192,1723.6,1
41.6,180.8,1111.4,0.8,242.4,1282.3,3.9,51.1,90.1,5.4,305.2,2396.1,3058.3,23403,32.2,5192.5,5779.5,8208.1,24867,19950,7.8246e+05,67329,1.5316e+05,29058,528.8,81872,43002,1413.8,6252.7,1138,2.6,3246.4,3672,1332.3,8680.1,7.7,16294,1.4,71,8.2869e+06,5.821e+05,30544,38.2,201.4,20.5,36540,6.5529e+05,4.0703e+06,5004.1,1.9566e+05,1.592e+07,657.7,32.4,60115,39.4,90.6,30347,25.8,61.5,449.1,14367,504.2,48.9,57.9,9770,157.2,69.8,30.7,1.0237e+05,3304,0
1215.5,1327.7,6702,87.8,360,1075.7,1.7,69.8,1118.1,25.6,337.2,2492,4015,17051,52.6,8548.9,14117,10729,22214,2.1774e+05,1.031e+06,2.8407e+05,1.2507e+05,46552,303.7,7480.1,10397,511.8,3864,440.4,44.6,51139,3213.9,3081.3,10180,6.5,387.5,113.6,240.1,1.235e+07,5.692e+05,8251.7,32.9,169.3,17.7,12152,4.2742e+05,4.512e+06,7245.8,4.3258e+05,1.4817e+07,1409.1,148.9,1.3691e+05,74,211.2,21200,489.2,792.5,382,35234,73.7,19.1,16.2,7357,79.3,28.9,6.3,53870,3207.2,0
41.6,224.9,2145.4,2.8,315,1466.6,3.5,78.4,440.5,5.7,305.2,3281.7,5844.6,19975,3.4,10139,5156.7,3425.3,11422,1.0269e+05,1.2892e+06,2.353e+05,1.3864e+05,64874,204,1.2335e+05,51114,1065.3,10447,437.5,10.6,1824.2,3326,4615.4,6818.9,8.3,7508.2,4.7,74.5,6.8845e+06,8.527e+05,14440,25.8,185.3,16.4,3560.2,2.3483e+06,5.7378e+06,6171.5,2.9295e+05,1.562e+07,1129.4,19.2,1.2663e+05,39.4,35.1,41088,7.4,26.2,382,3287.9,121.3,3.8,2.9,8630.2,134.1,186.7,10.4,37703,4759.5,0
16.5,143.4,2273.1,26.7,123.7,660.5,4.4,187,210.2,8.5,272.9,1051.6,6703.3,5446.9,1,1936.6,10281,11799,2507.5,78979,1.5264e+06,1.4778e+05,14993,46235,121,64255,30709,4201.9,26428,6.2,29.4,2819.9,238.1,6183.4,2147.6,8.3,51534,3.4,41.2,2.9585e+06,6.8861e+05,6612.3,25.8,201.4,20.5,1170.6,1.4618e+06,4.624e+06,4619.4,1.3135e+05,1.5603e+07,1850.7,14.2,1.6466e+05,28.5,18.6,33253,5.9,14.2,524.3,406.4,21.1,3,21.1,4444.6,127.1,78.7,3.6,64821,2388.5,1
47.6,274.7,1972.9,45.4,251.2,1251.6,7.1,99.1,341,8.2,229.6,2806.7,3835.3,24272,6,8147.9,9544.8,5487.1,8090.2,78936,1.16e+06,1.7949e+05,1.8968e+05,65110,98.5,81820,4352.1,5951.4,7535.8,787.1,3.3,2248.6,6567.3,1513,11782,5.7,37844,7.1,59.4,4.5283e+06,7.0814e+05,16118,78,205.8,20.5,2088.5,1.3011e+06,4.5245e+06,5771,2.8638e+05,3.576e+07,919.5,72.7,1.1589e+05,55.7,18.1,22434,14.9,20.8,566.8,13717,40.9,3.8,3,5435.6,118.6,33.2,5.3,49565,3329.7,0
23.7,278.6,1274.2,2.3,176.6,835.3,5.1,44,401.7,5.6,292,2292.4,4592.6,18010,13.2,8996.1,9177.6,10083,15390,42356,8.902e+05,1.9027e+05,66087,48865,377.8,7507.7,5083.8,1027,11805,96.7,6.8,3677.6,2436.1,3255.8,5392,5.7,4513.5,6.8,33.8,4.3899e+06,5.4382e+05,12293,78,225,20.5,2144.1,7.2948e+05,3.8455e+06,3233,2.1971e+05,1.7445e+07,909.4,28.6,30243,31.5,382.1,24824,11.1,18.7,566.8,14180,31.7,3.5,6.5,5852.9,80,7.6,5.5,65084,2697.1,1
41.1,179.6,2743.9,1.4,574.1,2720.5,5,83.2,48.6,7.9,269.6,2798.5,4256,20296,70.3,3036.7,8633,24150,32104,41616,1.4529e+06,1.0339e+05,2.3021e+05,65736,202.1,91115,41023,1790.3,20261,1260.7,13.7,4156.4,3421.9,1507.5,8667.2,7.6,10772,0.9,92.2,6.2491e+06,7.8813e+05,8574.3,60.1,218,22.1,1468.9,1.3627e+06,6.0165e+06,10356,2.9533e+05,3.5795e+07,1738.7,100.5,1.0644e+05,45.1,52,17763,15.4,48.5,414.4,20340,107.1,2.8,2,8967.6,159.6,6.4,14.5,72645,3589.2,0
49.4,86.7,2664.4,16.3,148,784.7,1.8,719.8,610.7,6.8,323.5,1604.9,2900.1,14065,23.1,1741.4,12864,12904,10536,34680,2.6379e+05,2.4403e+05,75701,23394,68,1.0276e+05,54411,1185.3,8771.4,1553.3,9.4,6427.5,1092.2,2850.3,6561.5,8.9,3084.7,4,14.5,9.9705e+05,6.0262e+05,3726.9,79.4,274.5,25.9,921.4,3.9586e+07,2.9192e+06,4273.8,26212,2.284e+07,1398.9,22.6,1.1019e+05,66.9,113.9,18181,24.5,92.2,461.3,11654,36.8,1.2,1.9,1142.3,65.8,5.4,7.3,17200,800.2,1
40.3,286.3,3259.2,1.7,176.6,642,5.1,76.7,484.2,4.7,271.3,3355,4060.2,22357,21.3,1077.4,9446.1,52079,9845.8,53264,1.3458e+06,1.6103e+05,3.0224e+05,64031,65.5,2.373e+05,23835,8850.2,6595,52.3,7.2,5447.2,1646.4,1807.9,11661,7.5,18740,6.4,103.1,4.7381e+06,6.542e+05,7558.1,90,244.5,17.5,2964.4,1.1607e+06,3.4172e+06,7177.2,3.0658e+05,2.0675e+07,1596.7,37.8,1.471e+05,61.4,150.2,28180,117.2,128.9,617.7,20281,328,2.8,8.5,5807.2,104.7,192.3,23,46277,2719.4,0
35.5,213,962.3,1,175.2,930.1,2.1,50.4,251.9,0.5,321.2,1633.1,2918,10654,12.5,2316.7,8641.9,10057,13966,23258,7.6707e+05,1.4382e+05,59112,41056,247.5,10571,6393.7,2106.1,34041,113.2,7,3797.3,3747.8,2581.7,4273.6,6.5,12245,4.4,24.5,4.2594e+06,4.1911e+05,11027,40,185.3,20.5,2428.1,1.0127e+06,4.2322e+06,2768.1,2.142e+05,9.295e+06,700.8,30.8,1.7686e+05,109.3,322,23450,16.4,65.7,504.6,11316,35.5,9.7,14.5,7800.5,59.5,37.3,23.9,51598,3814.6,1
35.5,246.4,1766.9,2.3,118.4,749.9,3.7,55.3,459.1,2.8,353.1,843.7,3454.1,5878.9,0.8,932.7,11907,23213,6850.1,18240,8.5424e+05,92172,4.8834e+05,39099,383.4,9135.5,4137,4141.4,5703,5233.2,4.8,2316.9,2631.3,2641.1,26657,9,15591,1.7,45.5,3.6491e+06,4.6692e+05,16244,43.6,185.3,17.7,61.4,5.1773e+05,4.1141e+06,6389.4,3.967e+05,8.0425e+06,1079.7,7.7,44778,39.4,469.7,13688,12.5,57.2,398.1,18273,153.9,123.2,84.3,9336.3,260.6,126.2,26.4,64715,4032.2,0
1076.6,334.6,1810.6,64.6,379.3,1639,2.7,42.8,175.4,20.5,366.1,2306.8,5809.7,18984,3.6,5103.5,12110,6134.7,9221.9,55689,1.0609e+06,1.8064e+05,62514,32407,49.4,1.2609e+05,23902,3253,12921,390.5,41.8,14641,2096.6,1236.3,2042.9,10.5,8093.4,98.8,51.6,4.6999e+06,8.4056e+05,4659.7,84.3,369.6,44.7,2740.8,6.0203e+05,6.8387e+06,5488.6,3.3253e+05,2.1018e+07,1050.7,295.7,1.7749e+05,3106.8,1568.4,23398,258.1,499.2,795.1,85324,37.4,1.6,1.2,6639.4,67,5.9,4.5,31951,2827.2,0
16.5,267.6,816.8,14.6,387,1787.5,6.6,100.3,121.4,3.6,470.6,2546.6,6531.3,17250,11.3,5050,5680.5,13999,3962.4,63340,9.439e+05,1.4116e+05,1.1045e+05,52677,93.1,67657,27199,4477.2,4357.1,444.9,51.7,2117.3,1849.4,2749.6,9635.3,7.7,24765,34.1,61.9,3.6294e+06,5.1106e+05,8459.2,32.9,185.3,19.1,2174.2,1.0621e+06,5.0919e+06,5332.4,2.2699e+05,1.1165e+07,1119.6,15.1,95588,35.5,1977.3,27241,9.5,17.1,414.7,6887.6,272.7,372.1,263.6,10872,114.6,179.6,47,65591,5779.5,0
41.6,375.6,1455.3,4.4,198.6,1055.4,3.5,58.7,358.2,8.8,305.2,2079.7,3166.9,16592,13.4,7918.5,7561.4,19331,21364,25657,1.0921e+06,1.2313e+05,2.8889e+05,41184,259.7,8827.7,8113.6,4492.4,3237.8,80.2,15.8,5873.7,7241.9,3702.9,26487,7.7,4679.6,3.9,30.4,4.3778e+06,6.2447e+05,8448.3,29.3,217.7,18.4,2869.3,7.1601e+05,4.968e+06,7735.4,3.4696e+05,8.5657e+06,330.2,10.7,1.2348e+05,39.4,2.2,13097,20.5,37.6,467,9517.8,23.9,3.4,2.6,6914.3,56.2,12.6,5.3,55964,3355.3,0
34.1,211.1,1585.9,2.1,242.3,1499.5,7.8,126.4,413.6,9.4,292,2422.9,5798.3,31081,10.7,3011.4,4059.5,3582.1,1.188e+05,3.1655e+05,1.2482e+06,1.8822e+05,78775,54405,136.4,26149,17660,3221.7,7804.7,5230,5.4,4526.1,1032,8815.4,5514.4,6.1,23844,7.5,92.3,4.6092e+07,1.2842e+06,35441,74,244.5,22.1,7755,2.0055e+06,7.0704e+06,4772.3,2.2685e+05,2.7013e+07,1040.8,85,1.7644e+05,46.3,19.3,44207,13.3,13,566.8,13812,180.6,37.7,48.9,12200,213.4,78.1,8.7,78375,5410.6,0
34.3,52.2,1549.7,13.8,619.7,1261.5,1.4,56.9,137,5.4,291.3,2711.5,4725.6,34790,27.1,4463.4,8913.9,3727,22581,68849,1.025e+06,2.3893e+05,1.1794e+05,50344,103.2,1.0841e+05,58268,1430.1,13673,43.6,4.2,3533.5,7418.3,2536.7,9598.6,7.6,13320,20.6,93.1,2.5368e+07,8.4674e+05,27269,62.5,251.7,25.9,3833.4,6.315e+05,6.0224e+06,7442,2.9729e+05,3.7583e+07,1617.6,121.7,1.475e+05,33.7,1.2,25261,10.6,20.1,414.4,12923,134.7,1.7,2.1,6401,136.4,114.3,8.1,66311,2959.6,0
28.3,304,2417.8,9.7,187.6,631.3,4.7,74.8,262.4,10.3,376.7,2949.3,5430.5,22988,17.2,3331.2,11087,9957.9,16233,52536,1.0367e+06,1.1029e+05,1.3366e+05,56242,165.8,57947,22063,1134,20188,396.1,1.9,1180.5,993.8,3206,18413,5.6,48088,8.3,29.8,1.2142e+07,8.4178e+05,41150,69.7,345.3,35.2,13897,5.016e+06,3.8532e+06,7412.8,6.8142e+05,2.4784e+07,215.8,30.2,1.4439e+05,41.1,43.4,21805,12.9,28.4,630.7,5074.2,71.4,5.3,17.7,9735.7,94.3,30.7,18.6,1.7327e+05,3295.3,0
40.3,161.4,1772.9,19.3,178.4,713.5,2.1,52.3,413.6,7.9,271.3,2747.8,7380.5,23250,44.5,4431,12112,9836.3,2102.2,31391,1.4225e+06,1.4478e+05,71300,47253,176.8,20792,17488,5979.7,17916,126.7,13.9,4037.1,618.7,3373.5,3424.3,6.5,18097,14.7,77.5,1.1976e+06,9.5029e+05,4103,86,225,22.1,7717.7,4.9214e+05,6.7609e+06,5307.8,2.3056e+05,1.2868e+07,976.2,19.3,1.6894e+05,46.3,71.4,9802.4,27,25.7,566.8,9737.2,53.6,1.8,2.1,1675.2,110.2,4.7,4.1,28012,1109.2,0
43.8,118,1125.7,5.9,190,926.5,5.5,41.8,252.6,10.8,250.5,2070.5,5489.8,18075,11.8,7636.8,9177.6,8168.7,7000.4,57199,8.3454e+05,1.2025e+05,82098,77986,263.5,12859,5534.1,4497.4,7382.2,606.4,3.3,2041.5,8406.5,2096.4,8132.1,6.5,5688.4,2.2,30.6,8.9031e+06,6.3534e+05,26661,78,244.5,19,3010.4,3.8129e+05,5.065e+06,4435.2,2.5649e+05,1.0241e+07,1003.9,41,1.4771e+05,76.4,1.5,39071,11.1,74.6,566.8,4913.2,27.5,4,22.4,9825.4,149.7,96.7,12,82402,4809.4,0
25.5,185.7,2878.2,8.8,244.6,2010.3,15.8,418.5,260.2,5.2,424.3,2751.9,5351.1,21647,15.8,3068.7,11370,17072,23971,29401,1.2351e+06,1.9621e+05,1.4672e+05,68210,345.3,1.3474e+05,37899,3090.4,8699.3,590.5,5.6,9778.9,1323.6,6164.7,3294,6.8,42471,5.8,116.4,4.3376e+06,9.1759e+05,10444,102.4,317.6,26,2143,2.014e+06,4.7408e+06,3454.1,1.1984e+05,1.8162e+07,1823.9,32.6,1.4211e+05,40.3,135.1,74330,6.3,19.9,504.3,15125,229.7,3.6,5,10616,169.6,192.1,18.3,67700,4805.2,0
28.6,239.3,1346.4,3.9,109.2,790.1,8.4,120.4,144.3,3.4,250.5,2069,6803.5,14125,28.3,5495.6,10178,13185,2777.5,1.3429e+05,1.4187e+06,2.1176e+05,62100,75762,67.9,1.0814e+05,17039,2216.4,9438,2357.3,17.7,2704.5,4770.8,4848.3,4249.8,7.5,42638,12.6,84.5,6.0021e+06,9.6226e+05,10232,74,225,17.5,2992,2.4428e+06,4.8619e+06,4612.4,1.2981e+05,1.7684e+07,1377.7,42,1.9215e+05,50.7,228.9,41448,15.6,31.9,477.7,14215,100.1,9.4,25.6,6869.7,104.7,101.3,16.2,51916,4193.6,0
3405.1,438.7,3295.5,1.5,335.2,1711.9,7.9,347.6,397.4,6.1,460.5,3101,12635,29490,68.3,14185,10321,16552,35775,65877,2.6167e+06,2.3588e+05,87736,63703,80,92166,34676,5057.9,12630,288.5,8.6,27009,1332.2,10521,2608.3,7.6,36026,7.8,31.6,1.8096e+06,8.7301e+05,7103.4,60.1,251.7,24,4516.8,3.6624e+06,5.1829e+06,7178.9,3.438e+05,3.3762e+07,2164.5,104.8,1.5412e+05,548.5,122.9,17381,87.7,181,512.2,55875,118.9,1.7,1.4,4774.7,218.8,82.8,38,41285,2082.4,0
4570.9,1876.6,6875.2,29.4,342.4,1650.4,25.8,84.2,2336,3.6,434.2,1036.5,3183.8,8059.8,1.1,1921.4,13197,6356.3,45220,66742,1.2879e+06,1.5391e+05,5.043e+05,32048,334.7,2037.5,214.3,780,6998.2,115.9,11.3,7180.6,2499.9,2933.4,14425,5.7,831.9,1,30.6,4.9568e+06,6.6494e+05,11496,88,205.8,17.5,1114.3,3.7566e+05,5.2128e+06,5182.8,3.1658e+05,1.9821e+07,227.6,1726.3,1.0464e+05,498.7,580.2,13987,780.8,697.5,520.5,20099,47.2,31.8,27.1,5686.2,331,2359.3,85.3,51701,3313,1
22.9,201,770.3,11.3,122,823.3,3.6,183.1,743.2,8.1,539.6,2054.6,3438.8,17833,10.8,4161.1,7217.1,26854,48663,47933,4.1498e+05,45416,97324,37925,218.6,64036,24465,2118,4982.7,3834.2,7.8,2944.6,7631.4,5081,6281.1,9,3381.3,2.5,30.4,1.4431e+06,5.2105e+05,20934,29.3,177.3,17.7,1283.6,5.3284e+07,2.4554e+06,3908.2,2.9362e+05,2.2739e+07,1036.5,86.1,1.4872e+05,43.6,90.1,13852,11,21.3,566,20535,53.8,3,17.8,5816.7,35.1,12.6,5.8,30737,2547,1
49.4,266.9,1539.4,34.7,149.6,1021.9,5.7,54.2,96.5,24.4,460.5,2258.7,3652.1,24863,6.8,2962.7,12542,21778,13007,29842,1.24e+06,91056,4.3807e+05,40472,345.7,59882,12721,2509.7,2.4027e+05,146.7,64.7,3983.2,2753,3593.1,16919,7.6,14674,21.1,134.6,5.8852e+06,7.8822e+05,21890,64.9,274.5,25.9,3094.5,1.7438e+06,5.8411e+06,5798,3.7535e+05,1.7635e+07,571.4,203.6,1.2223e+05,91.9,76.3,22574,42.8,103.3,1753.7,27238,35.7,1.4,2.1,7300,38.2,7.1,4.9,83770,3607.1,1
34.3,237.1,1790.9,3.9,118.8,486,6.5,112.9,423.3,12.1,439.7,2599.9,3785.1,17641,15.9,2995,5249.7,12086,30582,72758,1.4913e+06,2.0689e+05,76508,61384,590,1.0877e+05,26354,1007.2,18120,347.6,3.2,9416.4,3274.3,6021.9,3770.1,8.9,11405,3.4,19.2,4.4462e+06,9.1391e+05,2816.3,96.6,321.3,37.9,5322.6,1.6557e+06,3.9924e+06,7529.2,2.2557e+05,6.0256e+07,1411,17.5,1.1859e+05,41.1,1.6,28193,12.9,28.4,630.7,11168,154.3,3.9,1.5,6148.2,147.3,52,22.7,46614,3633.9,1
40.3,243.3,1977.5,1,163.7,1069,3,54.3,541.7,3.5,281.7,1632.5,4182.4,12041,8.8,2534,10976,6388.1,33782,70458,1.1849e+06,1.3848e+05,50097,37023,485.2,72762,40653,9.8,10784,3818.9,4.4,3470.4,1816.5,3640.7,3178,6.5,21304,4.1,73.6,6.3263e+06,6.3749e+05,30151,76,205.8,20.5,2992,6.0989e+05,5.1978e+06,2056.5,1.4216e+05,1.71e+08,887.1,28.9,1.3195e+05,134.6,1,24236,18.8,83.9,437.8,5412.1,92.2,3.1,2,5496.1,146.8,39.8,12.9,67880,2753.8,0
48.9,232.7,1488.7,124.5,386.5,1000.6,4.6,53.2,279.1,31.7,297.1,2082.4,5496.4,13406,13.2,2803.9,7410.4,7389.1,15548,31784,9.6012e+05,1.1711e+05,1.5874e+05,91681,419.5,9692.5,2611.7,3987.5,9421,3765.8,19.9,4059.9,3448.9,2261.5,12586,7.7,2482.5,161.4,274.6,3.4799e+07,5.9948e+05,44054,38.2,217.7,19.1,2989.1,3.6897e+05,4.6273e+06,3800.6,3.7102e+05,7.7652e+06,433.2,57.1,1.8838e+05,48.1,155.3,27514,21.4,65.7,566,27960,46.1,17,47.9,10248,116,58.8,18.8,65883,4007.1,0
30.1,128.4,1224.3,0.8,200,726,4.1,96.4,409.2,3.6,305.2,2127.2,4304.4,13977,1.8,6152.6,9890,5109.9,8891.9,17369,9.0206e+05,97760,15770,46645,48.2,4393.7,2617.1,1707.8,6366.5,149.8,18,1187.7,738.9,1872.9,2853.9,7.7,4476.2,77.2,38.3,1.9568e+06,6.6901e+05,6884.9,43.6,201.4,19.8,5021.6,5.9194e+05,5.022e+06,3583.1,1.5625e+05,3.1635e+06,1225.3,11.6,1.547e+05,28.5,1.9,14048,7.4,19.1,485.5,7769.3,33.7,3.7,2.8,7236.4,88.7,140,5.3,24531,4262.2,0
25.2,228.8,1224.3,4.3,283.2,1102.4,2,71.3,258.8,10.3,289,1658,4724.8,17441,33.7,4461.8,11048,9261.1,26840,70068,6.2658e+05,1.1301e+05,1.1517e+05,44068,169.9,1.2684e+05,87263,6841.8,5153.3,995.1,51.2,5266.9,1931.1,2241.3,17949,6.5,11233,8.9,78.7,6.9371e+06,6.9049e+05,22661,47.3,201.4,20.5,1403.9,7.9738e+05,5.1088e+06,5407.6,2.6952e+05,1.9812e+07,965.5,36.9,1.4872e+05,58.8,25.9,23180,16.4,52.6,485.5,15570,161.6,33.7,53.3,9935.1,120.2,24.8,22.6,75158,4446.4,0
20.7,130.5,1694,13.4,94.6,1377.3,5.2,67.2,251.9,7,353.1,977,1737.4,9969.9,27.4,2738.6,10816,13978,3701.4,26443,5.9694e+05,1.6739e+05,53033,35407,174.2,63226,35360,4268.4,3522.5,945.7,23.5,17703,3385.8,2808.5,5447.5,6.5,39970,6.1,46.2,6.7196e+06,6.8634e+05,16007,31.1,217.7,19.1,1606.3,6.601e+06,3.8554e+06,5951.9,1.3493e+05,1.4876e+07,849.5,78.3,97555,53.1,123.3,28663,33.5,65.7,449.1,31977,27.7,3.2,2.1,4600.9,24,10.7,3.6,24032,2542.8,1
57,227.3,3283.6,5.3,222.8,632.8,29.6,35,5823.7,5.9,414.2,2570.1,5897.7,24624,3.7,5483.3,9961.2,4141,4741.2,40230,1.9054e+06,1.5324e+05,86573,41544,267.4,15366,10619,2399.6,15087,3399.5,4.4,4858.3,2190.9,5000.6,26075,6.5,1.0502e+05,9.3,48.3,4.8931e+06,7.5294e+05,10208,442.9,284.3,22.1,3927.2,5.3743e+06,5.7962e+06,2900.4,2.2943e+05,1.4532e+07,3453.3,33.6,2.0319e+05,46.3,6.7,20914,12.6,25.7,958.2,629.1,224.4,24.8,73.4,9559.9,350.9,50.9,54.7,1.9452e+05,4100.5,0
48.9,207,4260.4,0.6,178.3,834.7,8.7,54.6,872.8,6.7,321.2,2271,7734.1,20627,28.7,2350.9,10711,3114,20191,77807,1.0634e+06,1.3766e+05,2.5526e+05,37008,127.8,26476,7911.5,2574.5,10143,530.8,4.3,10835,3315.2,21268,8703,9,39684,5.8,62.6,4.2711e+06,7.6044e+05,5533.6,25.8,185.3,17.7,13769,1.9479e+05,5.3611e+06,6915.5,1.5563e+05,3.9662e+07,1903.4,14.1,2.1781e+05,35.5,1.3,48884,13.3,24.9,382,6469.9,78,3.6,10.9,7565.1,275.4,85.4,7.9,72492,4129.5,0
48.9,313,2285.8,0.7,115.4,1374.2,3.5,154.7,604,8.2,337.2,1392.6,3884.5,7884.5,1.2,3484.7,13421,5661.9,8435,33999,9.3707e+05,1.4438e+05,24486,48055,139.1,10689,6036.5,2316.3,6139,406.3,23.2,2460.4,2592.9,4615.4,2388.8,6.5,25030,0.5,27.5,4.4262e+06,6.0645e+05,11523,40,201.4,20.5,5376.8,3.922e+05,5.0357e+06,4463.5,62014,1.1399e+07,1551.1,12.3,1.5709e+05,172.8,111,21777,23.5,110.3,524.3,446,151.1,15.9,32.5,11398,146.7,182,19.6,93085,4096.2,0
25.2,220.9,2209.5,3.6,12.7,677.1,2.8,98.1,691.6,337.2,353.1,2898.5,4852.6,19722,22.6,498.8,11250,6331.2,41617,18240,1.0421e+06,1.0316e+05,4.1838e+05,33519,752.7,69626,24537,1772.6,17591,2339.4,2.6,3149.1,700.4,1611.1,42484,9,23722,6.6,41.9,4.463e+06,4.3567e+05,8336.3,58.2,185.3,16.4,2405.7,1.9552e+06,3.8001e+06,6195.8,4.241e+05,7.1081e+06,963.8,44.9,93339,43.6,218,18916,11.8,26.2,485.5,3506.4,82.2,3.1,42.4,4137.2,152.3,5.7,18,1.0369e+05,2070.7,1
406.1,257.1,1771.2,1.2,100.9,735.2,3.1,57.3,512.2,319.7,323.5,1329.6,2461.2,10077,4.5,5426.4,12895,7968.8,42218,24779,9.3438e+05,96230,1.2934e+06,53384,875.1,78652,20739,7026.3,48776,212.5,2.8,11277,1052.5,3437.1,34286,10.5,25674,3.4,27.9,7.4579e+06,7.1981e+05,16723,74.6,274.5,25.9,3315.2,7.3747e+05,4.8117e+06,14752,4.7914e+05,7.7728e+06,960.5,88.4,24956,83.5,84.1,23988,41.7,210.7,630.7,11148,304,2.8,3.3,5969.6,124.9,5.1,10.9,19939,1821.1,1
57,140,2392.8,2.3,414.7,2432.5,4.7,67.1,172.4,7,281.7,2691.7,7045.3,25874,1.4,7166.9,5677.4,5827.4,9816,86601,1.9273e+06,1.6643e+05,3.5536e+05,79670,29.4,1.1027e+05,33656,18928,7535.8,767.3,5.8,7892,1672.9,3339.9,6958,5.7,17806,2,82.2,5.3136e+06,9.9702e+05,24134,78,244.5,17.5,6741.3,1.2892e+06,6.0244e+06,6586.4,2.8676e+05,1.1973e+08,666.7,37.8,1.9139e+05,46.3,14.3,24836,15.6,87.5,566.8,16603,269.6,4.1,61.7,5733.8,153.9,197.2,109.1,13605,3555,0
309.8,372,1254.5,2.8,214.7,1135.4,4.2,49.4,562.4,4.5,353.1,2080.2,3884.5,16314,60.2,3681.8,11716,7883.4,10119,52547,5.8103e+05,1.0057e+05,3.6525e+05,32952,606.5,13340,3219.5,2639.9,4774.2,178.9,7,7273.9,5706.7,3110.3,35549,6.5,12174,13.6,44.8,5.1281e+06,5.4512e+05,31934,54.5,201.4,16.4,3176.6,6.5920e+05,5.0249e+06,8514.5,3.2109e+05,1.6652e+07,999.1,149.3,2.0293e+05,31.9,89.6,20677,24,52.6,611.4,41692,87.8,28,8.1,8501.8,88.7,7.8,7.1,1.0987e+05,3462.9,1
40.3,7.4,1507.3,10.2,221.3,855.5,4,74.3,199.8,0.5,271.3,1585.7,6011.8,16121,3.6,2740,6155.3,6028.6,19899,48573,9.4627e+05,1.2407e+05,70568,24239,114.4,40239,23839,1705,9745.6,1724,10.5,1733.1,1220.6,2273.9,5026,7.5,32456,7.7,38.7,1.422e+06,7.7909e+05,1420.2,82,264.3,22.1,1473.2,6.8123e+05,3.4317e+06,3844.2,1.7161e+05,1.4183e+08,599.8,11.8,1.0094e+05,42.2,2.4,19024,9.6,16.7,741.9,2575,20.8,2.7,2.6,3000.7,104.7,75.8,4.3,28878,1460.2,0
41.1,216.9,1466.8,2.5,249.1,908.9,3.9,86.1,493.4,4,302,1777,7184,14639,39.1,1857.2,6514,5726.8,4811.6,1.0497e+05,1.7425e+06,2.0054e+05,2.5876e+05,28059,36.3,2335.5,2317.7,3607.3,9159.7,145.7,17.4,3226.6,1675.8,2109.9,4637.7,7.6,4180.3,2.7,56,3.0983e+06,9.6573e+05,2207.8,69.7,274.5,24,5123.7,9.1121e+05,6.1691e+06,7789.6,3.806e+05,1.4567e+07,1644.6,15.7,1.2206e+05,37.3,28.7,16287,26.9,88.4,486.2,10235,61.7,2.4,2,4798,114.2,34.9,7.3,60896,2169.5,0
47.6,227.3,1200.6,2.8,42.6,687.1,6.7,36.2,226.5,1.1,260.9,2368.7,3671,20068,5.1,520.9,9040.3,5568.4,13015,80722,1.0189e+06,1.0227e+05,1.1153e+05,74454,155.7,5361.7,3601.7,969.7,7919.9,141.3,7.2,3354.7,1255.5,925.8,9300.8,6.5,3912.6,5.3,45.9,4.7839e+06,1.1212e+06,14166,84,225,22.1,1171.3,1.5924e+05,5.3607e+06,4644.5,3.168e+05,1.3739e+07,868.9,46.5,1.1275e+05,34.8,43.2,25000,8.9,16.7,566.8,15846,170.2,2.5,2.5,8856.4,42.9,6.1,9.5,50346,2921.1,0
679.7,391.8,1852.7,5.4,204.1,887.4,2.8,64,413.6,4.2,333.2,1508.6,4349.9,10482,59.3,1906.1,12542,6467.6,6119.8,59140,7.5578e+05,1.3912e+05,46515,39686,929.2,18838,4618.3,1202.1,4694.4,612.3,52.2,19197,814.8,1826.1,3089.7,6.5,4960.3,76.7,30.6,8.2634e+05,7.314e+05,1074.1,106.3,205.8,18.3,1557.6,3.6419e+05,4.6501e+06,3023.9,2.914e+05,1.3895e+07,698.9,58.5,1.888e+05,34.8,192,9228.5,150.2,260.6,566.8,73678,76.6,2.5,2.7,3475.4,41.6,64.4,3.6,38696,1129.3,1
41.6,294.2,438.4,1.4,173.8,1404.3,6.7,140,325.6,4.3,337.2,2919.4,4562.1,21497,20,3813,9332.5,11164,49476,49924,1.0301e+06,1.2709e+05,3.6279e+05,53979,370,10653,6109.6,3713.5,11113,362.1,20.2,2532.3,3561.3,2611.4,11583,7.7,6369,5,12.5,6.0749e+06,6.3841e+05,22719,54.5,185.3,17.7,4607.4,6.884e+05,3.9663e+06,6341.1,1.8948e+05,9.1903e+06,1229.9,91,2.2046e+05,53.1,1.7,19544,20.5,42.9,449.1,10812,142.5,48.9,88,15196,185.7,121.6,17.5,81996,4814.8,0
907.3,1281.5,6734.3,3.9,437.8,1501.9,2.5,101.2,1352.3,2.9,261.3,2089.4,2866.7,16328,49.3,4657.2,22105,23684,9956.2,75676,1.0786e+06,71801,3.7039e+05,57902,166,49226,24300,773.2,10062,185.8,45.5,58162,2508.7,590.3,11101,4.8,33813,7.3,32.6,9.3614e+06,1.1145e+06,8545.8,96.8,293.6,24,50.9,4.7546e+05,6.1192e+06,6674.1,3.1277e+05,2.1976e+07,246.8,525.6,13470,283,42.2,28850,548.2,573.1,562.6,1.4979e+05,69.4,2.1,2,2968.5,39.4,3.9,10.4,58016,1259.8,0
1851.7,183.8,1102,3.1,202.2,1029.7,5.1,68,175.4,4.6,376.7,3603.6,3644.2,22856,9.1,5593,10557,27218,9633.1,43857,1.0942e+06,2.0774e+05,2.0206e+05,57352,315,35488,39724,3803,5298,107.9,5.6,9777.6,2022.2,2488.7,3351.5,7.1,20128,12.8,38.9,4.8789e+06,6.9828e+05,17614,69.7,297.8,24,6209,2.3372e+06,5.5034e+06,5890.2,2.254e+05,1.545e+07,164.2,69.6,1.396e+05,75.1,174,29885,22.2,80.5,512.2,22273,90.4,2.1,1.1,7464,89.1,67.3,7.3,57927,4127.9,1
204.2,243.3,1982.1,1.7,63.5,678.2,2,76.1,389.7,6.1,250.5,1539,4192.5,7329.5,0.6,1096.1,8542.4,8810.4,5647.3,69225,1.4781e+06,1.4494e+05,1.0448e+05,56375,105.4,4809.8,2301.6,1920.8,11458,26,106.6,1000.7,1109.7,2326.8,3168.2,4.9,22456,0.4,53.1,7.9804e+06,6.2234e+05,18043,74,205.8,19,79,2.9828e+05,4.3801e+06,5524.9,2.494e+05,1.3525e+07,745,31.4,10204,61.4,63.1,28442,19.6,62.5,566.8,5016.5,111,3.4,2.2,6523.6,69.2,7.6,45.2,39493,3657.6,0
